/*--------------------------------*- C++ -*----------------------------------*\
| =========                 |                                                 |
| \\      /  F ield         | OpenFOAM: The Open Source CFD Toolbox           |
|  \\    /   O peration     | Version:  v1706                                 |
|   \\  /    A nd           | Web:      www.OpenFOAM.com                      |
|    \\/     M anipulation  |                                                 |
\*---------------------------------------------------------------------------*/
FoamFile
{
    version     2.0;
    format      ascii;
    class       faceList;
    location    "constant/polyMesh";
    object      faces;
}
// * * * * * * * * * * * * * * * * * * * * * * * * * * * * * * * * * * * * * //


1276
(
4(1 257 769 513)
4(2 258 770 514)
4(3 259 771 515)
4(4 260 772 516)
4(5 261 773 517)
4(6 262 774 518)
4(7 263 775 519)
4(8 264 776 520)
4(9 265 777 521)
4(10 266 778 522)
4(11 267 779 523)
4(12 268 780 524)
4(13 269 781 525)
4(14 270 782 526)
4(15 271 783 527)
4(16 272 784 528)
4(17 273 785 529)
4(18 274 786 530)
4(19 275 787 531)
4(20 276 788 532)
4(21 277 789 533)
4(22 278 790 534)
4(23 279 791 535)
4(24 280 792 536)
4(25 281 793 537)
4(26 282 794 538)
4(27 283 795 539)
4(28 284 796 540)
4(29 285 797 541)
4(30 286 798 542)
4(31 287 799 543)
4(32 288 800 544)
4(33 289 801 545)
4(34 290 802 546)
4(35 291 803 547)
4(36 292 804 548)
4(37 293 805 549)
4(38 294 806 550)
4(39 295 807 551)
4(40 296 808 552)
4(41 297 809 553)
4(42 298 810 554)
4(43 299 811 555)
4(44 300 812 556)
4(45 301 813 557)
4(46 302 814 558)
4(47 303 815 559)
4(48 304 816 560)
4(49 305 817 561)
4(50 306 818 562)
4(51 307 819 563)
4(52 308 820 564)
4(53 309 821 565)
4(54 310 822 566)
4(55 311 823 567)
4(56 312 824 568)
4(57 313 825 569)
4(58 314 826 570)
4(59 315 827 571)
4(60 316 828 572)
4(61 317 829 573)
4(62 318 830 574)
4(63 319 831 575)
4(64 320 832 576)
4(65 321 833 577)
4(66 322 834 578)
4(67 323 835 579)
4(68 324 836 580)
4(69 325 837 581)
4(70 326 838 582)
4(71 327 839 583)
4(72 328 840 584)
4(73 329 841 585)
4(74 330 842 586)
4(75 331 843 587)
4(76 332 844 588)
4(77 333 845 589)
4(78 334 846 590)
4(79 335 847 591)
4(80 336 848 592)
4(81 337 849 593)
4(82 338 850 594)
4(83 339 851 595)
4(84 340 852 596)
4(85 341 853 597)
4(86 342 854 598)
4(87 343 855 599)
4(88 344 856 600)
4(89 345 857 601)
4(90 346 858 602)
4(91 347 859 603)
4(92 348 860 604)
4(93 349 861 605)
4(94 350 862 606)
4(95 351 863 607)
4(96 352 864 608)
4(97 353 865 609)
4(98 354 866 610)
4(99 355 867 611)
4(100 356 868 612)
4(101 357 869 613)
4(102 358 870 614)
4(103 359 871 615)
4(104 360 872 616)
4(105 361 873 617)
4(106 362 874 618)
4(107 363 875 619)
4(108 364 876 620)
4(109 365 877 621)
4(110 366 878 622)
4(111 367 879 623)
4(112 368 880 624)
4(113 369 881 625)
4(114 370 882 626)
4(115 371 883 627)
4(116 372 884 628)
4(117 373 885 629)
4(118 374 886 630)
4(119 375 887 631)
4(120 376 888 632)
4(121 377 889 633)
4(122 378 890 634)
4(123 379 891 635)
4(124 380 892 636)
4(125 381 893 637)
4(126 382 894 638)
4(127 383 895 639)
4(128 384 896 640)
4(129 385 897 641)
4(130 386 898 642)
4(131 387 899 643)
4(132 388 900 644)
4(133 389 901 645)
4(134 390 902 646)
4(135 391 903 647)
4(136 392 904 648)
4(137 393 905 649)
4(138 394 906 650)
4(139 395 907 651)
4(140 396 908 652)
4(141 397 909 653)
4(142 398 910 654)
4(143 399 911 655)
4(144 400 912 656)
4(145 401 913 657)
4(146 402 914 658)
4(147 403 915 659)
4(148 404 916 660)
4(149 405 917 661)
4(150 406 918 662)
4(151 407 919 663)
4(152 408 920 664)
4(153 409 921 665)
4(154 410 922 666)
4(155 411 923 667)
4(156 412 924 668)
4(157 413 925 669)
4(158 414 926 670)
4(159 415 927 671)
4(160 416 928 672)
4(161 417 929 673)
4(162 418 930 674)
4(163 419 931 675)
4(164 420 932 676)
4(165 421 933 677)
4(166 422 934 678)
4(167 423 935 679)
4(168 424 936 680)
4(169 425 937 681)
4(170 426 938 682)
4(171 427 939 683)
4(172 428 940 684)
4(173 429 941 685)
4(174 430 942 686)
4(175 431 943 687)
4(176 432 944 688)
4(177 433 945 689)
4(178 434 946 690)
4(179 435 947 691)
4(180 436 948 692)
4(181 437 949 693)
4(182 438 950 694)
4(183 439 951 695)
4(184 440 952 696)
4(185 441 953 697)
4(186 442 954 698)
4(187 443 955 699)
4(188 444 956 700)
4(189 445 957 701)
4(190 446 958 702)
4(191 447 959 703)
4(192 448 960 704)
4(193 449 961 705)
4(194 450 962 706)
4(195 451 963 707)
4(196 452 964 708)
4(197 453 965 709)
4(198 454 966 710)
4(199 455 967 711)
4(200 456 968 712)
4(201 457 969 713)
4(202 458 970 714)
4(203 459 971 715)
4(204 460 972 716)
4(205 461 973 717)
4(206 462 974 718)
4(207 463 975 719)
4(208 464 976 720)
4(209 465 977 721)
4(210 466 978 722)
4(211 467 979 723)
4(212 468 980 724)
4(213 469 981 725)
4(214 470 982 726)
4(215 471 983 727)
4(216 472 984 728)
4(217 473 985 729)
4(218 474 986 730)
4(219 475 987 731)
4(220 476 988 732)
4(221 477 989 733)
4(222 478 990 734)
4(223 479 991 735)
4(224 480 992 736)
4(225 481 993 737)
4(226 482 994 738)
4(227 483 995 739)
4(228 484 996 740)
4(229 485 997 741)
4(230 486 998 742)
4(231 487 999 743)
4(232 488 1000 744)
4(233 489 1001 745)
4(234 490 1002 746)
4(235 491 1003 747)
4(236 492 1004 748)
4(237 493 1005 749)
4(238 494 1006 750)
4(239 495 1007 751)
4(240 496 1008 752)
4(241 497 1009 753)
4(242 498 1010 754)
4(243 499 1011 755)
4(244 500 1012 756)
4(245 501 1013 757)
4(246 502 1014 758)
4(247 503 1015 759)
4(248 504 1016 760)
4(249 505 1017 761)
4(250 506 1018 762)
4(251 507 1019 763)
4(252 508 1020 764)
4(253 509 1021 765)
4(254 510 1022 766)
4(0 512 768 256)
4(255 511 1023 767)
4(512 513 769 768)
4(513 514 770 769)
4(514 515 771 770)
4(515 516 772 771)
4(516 517 773 772)
4(517 518 774 773)
4(518 519 775 774)
4(519 520 776 775)
4(520 521 777 776)
4(521 522 778 777)
4(522 523 779 778)
4(523 524 780 779)
4(524 525 781 780)
4(525 526 782 781)
4(526 527 783 782)
4(527 528 784 783)
4(528 529 785 784)
4(529 530 786 785)
4(530 531 787 786)
4(531 532 788 787)
4(532 533 789 788)
4(533 534 790 789)
4(534 535 791 790)
4(535 536 792 791)
4(536 537 793 792)
4(537 538 794 793)
4(538 539 795 794)
4(539 540 796 795)
4(540 541 797 796)
4(541 542 798 797)
4(542 543 799 798)
4(543 544 800 799)
4(544 545 801 800)
4(545 546 802 801)
4(546 547 803 802)
4(547 548 804 803)
4(548 549 805 804)
4(549 550 806 805)
4(550 551 807 806)
4(551 552 808 807)
4(552 553 809 808)
4(553 554 810 809)
4(554 555 811 810)
4(555 556 812 811)
4(556 557 813 812)
4(557 558 814 813)
4(558 559 815 814)
4(559 560 816 815)
4(560 561 817 816)
4(561 562 818 817)
4(562 563 819 818)
4(563 564 820 819)
4(564 565 821 820)
4(565 566 822 821)
4(566 567 823 822)
4(567 568 824 823)
4(568 569 825 824)
4(569 570 826 825)
4(570 571 827 826)
4(571 572 828 827)
4(572 573 829 828)
4(573 574 830 829)
4(574 575 831 830)
4(575 576 832 831)
4(576 577 833 832)
4(577 578 834 833)
4(578 579 835 834)
4(579 580 836 835)
4(580 581 837 836)
4(581 582 838 837)
4(582 583 839 838)
4(583 584 840 839)
4(584 585 841 840)
4(585 586 842 841)
4(586 587 843 842)
4(587 588 844 843)
4(588 589 845 844)
4(589 590 846 845)
4(590 591 847 846)
4(591 592 848 847)
4(592 593 849 848)
4(593 594 850 849)
4(594 595 851 850)
4(595 596 852 851)
4(596 597 853 852)
4(597 598 854 853)
4(598 599 855 854)
4(599 600 856 855)
4(600 601 857 856)
4(601 602 858 857)
4(602 603 859 858)
4(603 604 860 859)
4(604 605 861 860)
4(605 606 862 861)
4(606 607 863 862)
4(607 608 864 863)
4(608 609 865 864)
4(609 610 866 865)
4(610 611 867 866)
4(611 612 868 867)
4(612 613 869 868)
4(613 614 870 869)
4(614 615 871 870)
4(615 616 872 871)
4(616 617 873 872)
4(617 618 874 873)
4(618 619 875 874)
4(619 620 876 875)
4(620 621 877 876)
4(621 622 878 877)
4(622 623 879 878)
4(623 624 880 879)
4(624 625 881 880)
4(625 626 882 881)
4(626 627 883 882)
4(627 628 884 883)
4(628 629 885 884)
4(629 630 886 885)
4(630 631 887 886)
4(631 632 888 887)
4(632 633 889 888)
4(633 634 890 889)
4(634 635 891 890)
4(635 636 892 891)
4(636 637 893 892)
4(637 638 894 893)
4(638 639 895 894)
4(639 640 896 895)
4(640 641 897 896)
4(641 642 898 897)
4(642 643 899 898)
4(643 644 900 899)
4(644 645 901 900)
4(645 646 902 901)
4(646 647 903 902)
4(647 648 904 903)
4(648 649 905 904)
4(649 650 906 905)
4(650 651 907 906)
4(651 652 908 907)
4(652 653 909 908)
4(653 654 910 909)
4(654 655 911 910)
4(655 656 912 911)
4(656 657 913 912)
4(657 658 914 913)
4(658 659 915 914)
4(659 660 916 915)
4(660 661 917 916)
4(661 662 918 917)
4(662 663 919 918)
4(663 664 920 919)
4(664 665 921 920)
4(665 666 922 921)
4(666 667 923 922)
4(667 668 924 923)
4(668 669 925 924)
4(669 670 926 925)
4(670 671 927 926)
4(671 672 928 927)
4(672 673 929 928)
4(673 674 930 929)
4(674 675 931 930)
4(675 676 932 931)
4(676 677 933 932)
4(677 678 934 933)
4(678 679 935 934)
4(679 680 936 935)
4(680 681 937 936)
4(681 682 938 937)
4(682 683 939 938)
4(683 684 940 939)
4(684 685 941 940)
4(685 686 942 941)
4(686 687 943 942)
4(687 688 944 943)
4(688 689 945 944)
4(689 690 946 945)
4(690 691 947 946)
4(691 692 948 947)
4(692 693 949 948)
4(693 694 950 949)
4(694 695 951 950)
4(695 696 952 951)
4(696 697 953 952)
4(697 698 954 953)
4(698 699 955 954)
4(699 700 956 955)
4(700 701 957 956)
4(701 702 958 957)
4(702 703 959 958)
4(703 704 960 959)
4(704 705 961 960)
4(705 706 962 961)
4(706 707 963 962)
4(707 708 964 963)
4(708 709 965 964)
4(709 710 966 965)
4(710 711 967 966)
4(711 712 968 967)
4(712 713 969 968)
4(713 714 970 969)
4(714 715 971 970)
4(715 716 972 971)
4(716 717 973 972)
4(717 718 974 973)
4(718 719 975 974)
4(719 720 976 975)
4(720 721 977 976)
4(721 722 978 977)
4(722 723 979 978)
4(723 724 980 979)
4(724 725 981 980)
4(725 726 982 981)
4(726 727 983 982)
4(727 728 984 983)
4(728 729 985 984)
4(729 730 986 985)
4(730 731 987 986)
4(731 732 988 987)
4(732 733 989 988)
4(733 734 990 989)
4(734 735 991 990)
4(735 736 992 991)
4(736 737 993 992)
4(737 738 994 993)
4(738 739 995 994)
4(739 740 996 995)
4(740 741 997 996)
4(741 742 998 997)
4(742 743 999 998)
4(743 744 1000 999)
4(744 745 1001 1000)
4(745 746 1002 1001)
4(746 747 1003 1002)
4(747 748 1004 1003)
4(748 749 1005 1004)
4(749 750 1006 1005)
4(750 751 1007 1006)
4(751 752 1008 1007)
4(752 753 1009 1008)
4(753 754 1010 1009)
4(754 755 1011 1010)
4(755 756 1012 1011)
4(756 757 1013 1012)
4(757 758 1014 1013)
4(758 759 1015 1014)
4(759 760 1016 1015)
4(760 761 1017 1016)
4(761 762 1018 1017)
4(762 763 1019 1018)
4(763 764 1020 1019)
4(764 765 1021 1020)
4(765 766 1022 1021)
4(766 767 1023 1022)
4(0 1 513 512)
4(1 2 514 513)
4(2 3 515 514)
4(3 4 516 515)
4(4 5 517 516)
4(5 6 518 517)
4(6 7 519 518)
4(7 8 520 519)
4(8 9 521 520)
4(9 10 522 521)
4(10 11 523 522)
4(11 12 524 523)
4(12 13 525 524)
4(13 14 526 525)
4(14 15 527 526)
4(15 16 528 527)
4(16 17 529 528)
4(17 18 530 529)
4(18 19 531 530)
4(19 20 532 531)
4(20 21 533 532)
4(21 22 534 533)
4(22 23 535 534)
4(23 24 536 535)
4(24 25 537 536)
4(25 26 538 537)
4(26 27 539 538)
4(27 28 540 539)
4(28 29 541 540)
4(29 30 542 541)
4(30 31 543 542)
4(31 32 544 543)
4(32 33 545 544)
4(33 34 546 545)
4(34 35 547 546)
4(35 36 548 547)
4(36 37 549 548)
4(37 38 550 549)
4(38 39 551 550)
4(39 40 552 551)
4(40 41 553 552)
4(41 42 554 553)
4(42 43 555 554)
4(43 44 556 555)
4(44 45 557 556)
4(45 46 558 557)
4(46 47 559 558)
4(47 48 560 559)
4(48 49 561 560)
4(49 50 562 561)
4(50 51 563 562)
4(51 52 564 563)
4(52 53 565 564)
4(53 54 566 565)
4(54 55 567 566)
4(55 56 568 567)
4(56 57 569 568)
4(57 58 570 569)
4(58 59 571 570)
4(59 60 572 571)
4(60 61 573 572)
4(61 62 574 573)
4(62 63 575 574)
4(63 64 576 575)
4(64 65 577 576)
4(65 66 578 577)
4(66 67 579 578)
4(67 68 580 579)
4(68 69 581 580)
4(69 70 582 581)
4(70 71 583 582)
4(71 72 584 583)
4(72 73 585 584)
4(73 74 586 585)
4(74 75 587 586)
4(75 76 588 587)
4(76 77 589 588)
4(77 78 590 589)
4(78 79 591 590)
4(79 80 592 591)
4(80 81 593 592)
4(81 82 594 593)
4(82 83 595 594)
4(83 84 596 595)
4(84 85 597 596)
4(85 86 598 597)
4(86 87 599 598)
4(87 88 600 599)
4(88 89 601 600)
4(89 90 602 601)
4(90 91 603 602)
4(91 92 604 603)
4(92 93 605 604)
4(93 94 606 605)
4(94 95 607 606)
4(95 96 608 607)
4(96 97 609 608)
4(97 98 610 609)
4(98 99 611 610)
4(99 100 612 611)
4(100 101 613 612)
4(101 102 614 613)
4(102 103 615 614)
4(103 104 616 615)
4(104 105 617 616)
4(105 106 618 617)
4(106 107 619 618)
4(107 108 620 619)
4(108 109 621 620)
4(109 110 622 621)
4(110 111 623 622)
4(111 112 624 623)
4(112 113 625 624)
4(113 114 626 625)
4(114 115 627 626)
4(115 116 628 627)
4(116 117 629 628)
4(117 118 630 629)
4(118 119 631 630)
4(119 120 632 631)
4(120 121 633 632)
4(121 122 634 633)
4(122 123 635 634)
4(123 124 636 635)
4(124 125 637 636)
4(125 126 638 637)
4(126 127 639 638)
4(127 128 640 639)
4(128 129 641 640)
4(129 130 642 641)
4(130 131 643 642)
4(131 132 644 643)
4(132 133 645 644)
4(133 134 646 645)
4(134 135 647 646)
4(135 136 648 647)
4(136 137 649 648)
4(137 138 650 649)
4(138 139 651 650)
4(139 140 652 651)
4(140 141 653 652)
4(141 142 654 653)
4(142 143 655 654)
4(143 144 656 655)
4(144 145 657 656)
4(145 146 658 657)
4(146 147 659 658)
4(147 148 660 659)
4(148 149 661 660)
4(149 150 662 661)
4(150 151 663 662)
4(151 152 664 663)
4(152 153 665 664)
4(153 154 666 665)
4(154 155 667 666)
4(155 156 668 667)
4(156 157 669 668)
4(157 158 670 669)
4(158 159 671 670)
4(159 160 672 671)
4(160 161 673 672)
4(161 162 674 673)
4(162 163 675 674)
4(163 164 676 675)
4(164 165 677 676)
4(165 166 678 677)
4(166 167 679 678)
4(167 168 680 679)
4(168 169 681 680)
4(169 170 682 681)
4(170 171 683 682)
4(171 172 684 683)
4(172 173 685 684)
4(173 174 686 685)
4(174 175 687 686)
4(175 176 688 687)
4(176 177 689 688)
4(177 178 690 689)
4(178 179 691 690)
4(179 180 692 691)
4(180 181 693 692)
4(181 182 694 693)
4(182 183 695 694)
4(183 184 696 695)
4(184 185 697 696)
4(185 186 698 697)
4(186 187 699 698)
4(187 188 700 699)
4(188 189 701 700)
4(189 190 702 701)
4(190 191 703 702)
4(191 192 704 703)
4(192 193 705 704)
4(193 194 706 705)
4(194 195 707 706)
4(195 196 708 707)
4(196 197 709 708)
4(197 198 710 709)
4(198 199 711 710)
4(199 200 712 711)
4(200 201 713 712)
4(201 202 714 713)
4(202 203 715 714)
4(203 204 716 715)
4(204 205 717 716)
4(205 206 718 717)
4(206 207 719 718)
4(207 208 720 719)
4(208 209 721 720)
4(209 210 722 721)
4(210 211 723 722)
4(211 212 724 723)
4(212 213 725 724)
4(213 214 726 725)
4(214 215 727 726)
4(215 216 728 727)
4(216 217 729 728)
4(217 218 730 729)
4(218 219 731 730)
4(219 220 732 731)
4(220 221 733 732)
4(221 222 734 733)
4(222 223 735 734)
4(223 224 736 735)
4(224 225 737 736)
4(225 226 738 737)
4(226 227 739 738)
4(227 228 740 739)
4(228 229 741 740)
4(229 230 742 741)
4(230 231 743 742)
4(231 232 744 743)
4(232 233 745 744)
4(233 234 746 745)
4(234 235 747 746)
4(235 236 748 747)
4(236 237 749 748)
4(237 238 750 749)
4(238 239 751 750)
4(239 240 752 751)
4(240 241 753 752)
4(241 242 754 753)
4(242 243 755 754)
4(243 244 756 755)
4(244 245 757 756)
4(245 246 758 757)
4(246 247 759 758)
4(247 248 760 759)
4(248 249 761 760)
4(249 250 762 761)
4(250 251 763 762)
4(251 252 764 763)
4(252 253 765 764)
4(253 254 766 765)
4(254 255 767 766)
4(256 768 769 257)
4(257 769 770 258)
4(258 770 771 259)
4(259 771 772 260)
4(260 772 773 261)
4(261 773 774 262)
4(262 774 775 263)
4(263 775 776 264)
4(264 776 777 265)
4(265 777 778 266)
4(266 778 779 267)
4(267 779 780 268)
4(268 780 781 269)
4(269 781 782 270)
4(270 782 783 271)
4(271 783 784 272)
4(272 784 785 273)
4(273 785 786 274)
4(274 786 787 275)
4(275 787 788 276)
4(276 788 789 277)
4(277 789 790 278)
4(278 790 791 279)
4(279 791 792 280)
4(280 792 793 281)
4(281 793 794 282)
4(282 794 795 283)
4(283 795 796 284)
4(284 796 797 285)
4(285 797 798 286)
4(286 798 799 287)
4(287 799 800 288)
4(288 800 801 289)
4(289 801 802 290)
4(290 802 803 291)
4(291 803 804 292)
4(292 804 805 293)
4(293 805 806 294)
4(294 806 807 295)
4(295 807 808 296)
4(296 808 809 297)
4(297 809 810 298)
4(298 810 811 299)
4(299 811 812 300)
4(300 812 813 301)
4(301 813 814 302)
4(302 814 815 303)
4(303 815 816 304)
4(304 816 817 305)
4(305 817 818 306)
4(306 818 819 307)
4(307 819 820 308)
4(308 820 821 309)
4(309 821 822 310)
4(310 822 823 311)
4(311 823 824 312)
4(312 824 825 313)
4(313 825 826 314)
4(314 826 827 315)
4(315 827 828 316)
4(316 828 829 317)
4(317 829 830 318)
4(318 830 831 319)
4(319 831 832 320)
4(320 832 833 321)
4(321 833 834 322)
4(322 834 835 323)
4(323 835 836 324)
4(324 836 837 325)
4(325 837 838 326)
4(326 838 839 327)
4(327 839 840 328)
4(328 840 841 329)
4(329 841 842 330)
4(330 842 843 331)
4(331 843 844 332)
4(332 844 845 333)
4(333 845 846 334)
4(334 846 847 335)
4(335 847 848 336)
4(336 848 849 337)
4(337 849 850 338)
4(338 850 851 339)
4(339 851 852 340)
4(340 852 853 341)
4(341 853 854 342)
4(342 854 855 343)
4(343 855 856 344)
4(344 856 857 345)
4(345 857 858 346)
4(346 858 859 347)
4(347 859 860 348)
4(348 860 861 349)
4(349 861 862 350)
4(350 862 863 351)
4(351 863 864 352)
4(352 864 865 353)
4(353 865 866 354)
4(354 866 867 355)
4(355 867 868 356)
4(356 868 869 357)
4(357 869 870 358)
4(358 870 871 359)
4(359 871 872 360)
4(360 872 873 361)
4(361 873 874 362)
4(362 874 875 363)
4(363 875 876 364)
4(364 876 877 365)
4(365 877 878 366)
4(366 878 879 367)
4(367 879 880 368)
4(368 880 881 369)
4(369 881 882 370)
4(370 882 883 371)
4(371 883 884 372)
4(372 884 885 373)
4(373 885 886 374)
4(374 886 887 375)
4(375 887 888 376)
4(376 888 889 377)
4(377 889 890 378)
4(378 890 891 379)
4(379 891 892 380)
4(380 892 893 381)
4(381 893 894 382)
4(382 894 895 383)
4(383 895 896 384)
4(384 896 897 385)
4(385 897 898 386)
4(386 898 899 387)
4(387 899 900 388)
4(388 900 901 389)
4(389 901 902 390)
4(390 902 903 391)
4(391 903 904 392)
4(392 904 905 393)
4(393 905 906 394)
4(394 906 907 395)
4(395 907 908 396)
4(396 908 909 397)
4(397 909 910 398)
4(398 910 911 399)
4(399 911 912 400)
4(400 912 913 401)
4(401 913 914 402)
4(402 914 915 403)
4(403 915 916 404)
4(404 916 917 405)
4(405 917 918 406)
4(406 918 919 407)
4(407 919 920 408)
4(408 920 921 409)
4(409 921 922 410)
4(410 922 923 411)
4(411 923 924 412)
4(412 924 925 413)
4(413 925 926 414)
4(414 926 927 415)
4(415 927 928 416)
4(416 928 929 417)
4(417 929 930 418)
4(418 930 931 419)
4(419 931 932 420)
4(420 932 933 421)
4(421 933 934 422)
4(422 934 935 423)
4(423 935 936 424)
4(424 936 937 425)
4(425 937 938 426)
4(426 938 939 427)
4(427 939 940 428)
4(428 940 941 429)
4(429 941 942 430)
4(430 942 943 431)
4(431 943 944 432)
4(432 944 945 433)
4(433 945 946 434)
4(434 946 947 435)
4(435 947 948 436)
4(436 948 949 437)
4(437 949 950 438)
4(438 950 951 439)
4(439 951 952 440)
4(440 952 953 441)
4(441 953 954 442)
4(442 954 955 443)
4(443 955 956 444)
4(444 956 957 445)
4(445 957 958 446)
4(446 958 959 447)
4(447 959 960 448)
4(448 960 961 449)
4(449 961 962 450)
4(450 962 963 451)
4(451 963 964 452)
4(452 964 965 453)
4(453 965 966 454)
4(454 966 967 455)
4(455 967 968 456)
4(456 968 969 457)
4(457 969 970 458)
4(458 970 971 459)
4(459 971 972 460)
4(460 972 973 461)
4(461 973 974 462)
4(462 974 975 463)
4(463 975 976 464)
4(464 976 977 465)
4(465 977 978 466)
4(466 978 979 467)
4(467 979 980 468)
4(468 980 981 469)
4(469 981 982 470)
4(470 982 983 471)
4(471 983 984 472)
4(472 984 985 473)
4(473 985 986 474)
4(474 986 987 475)
4(475 987 988 476)
4(476 988 989 477)
4(477 989 990 478)
4(478 990 991 479)
4(479 991 992 480)
4(480 992 993 481)
4(481 993 994 482)
4(482 994 995 483)
4(483 995 996 484)
4(484 996 997 485)
4(485 997 998 486)
4(486 998 999 487)
4(487 999 1000 488)
4(488 1000 1001 489)
4(489 1001 1002 490)
4(490 1002 1003 491)
4(491 1003 1004 492)
4(492 1004 1005 493)
4(493 1005 1006 494)
4(494 1006 1007 495)
4(495 1007 1008 496)
4(496 1008 1009 497)
4(497 1009 1010 498)
4(498 1010 1011 499)
4(499 1011 1012 500)
4(500 1012 1013 501)
4(501 1013 1014 502)
4(502 1014 1015 503)
4(503 1015 1016 504)
4(504 1016 1017 505)
4(505 1017 1018 506)
4(506 1018 1019 507)
4(507 1019 1020 508)
4(508 1020 1021 509)
4(509 1021 1022 510)
4(510 1022 1023 511)
4(0 256 257 1)
4(1 257 258 2)
4(2 258 259 3)
4(3 259 260 4)
4(4 260 261 5)
4(5 261 262 6)
4(6 262 263 7)
4(7 263 264 8)
4(8 264 265 9)
4(9 265 266 10)
4(10 266 267 11)
4(11 267 268 12)
4(12 268 269 13)
4(13 269 270 14)
4(14 270 271 15)
4(15 271 272 16)
4(16 272 273 17)
4(17 273 274 18)
4(18 274 275 19)
4(19 275 276 20)
4(20 276 277 21)
4(21 277 278 22)
4(22 278 279 23)
4(23 279 280 24)
4(24 280 281 25)
4(25 281 282 26)
4(26 282 283 27)
4(27 283 284 28)
4(28 284 285 29)
4(29 285 286 30)
4(30 286 287 31)
4(31 287 288 32)
4(32 288 289 33)
4(33 289 290 34)
4(34 290 291 35)
4(35 291 292 36)
4(36 292 293 37)
4(37 293 294 38)
4(38 294 295 39)
4(39 295 296 40)
4(40 296 297 41)
4(41 297 298 42)
4(42 298 299 43)
4(43 299 300 44)
4(44 300 301 45)
4(45 301 302 46)
4(46 302 303 47)
4(47 303 304 48)
4(48 304 305 49)
4(49 305 306 50)
4(50 306 307 51)
4(51 307 308 52)
4(52 308 309 53)
4(53 309 310 54)
4(54 310 311 55)
4(55 311 312 56)
4(56 312 313 57)
4(57 313 314 58)
4(58 314 315 59)
4(59 315 316 60)
4(60 316 317 61)
4(61 317 318 62)
4(62 318 319 63)
4(63 319 320 64)
4(64 320 321 65)
4(65 321 322 66)
4(66 322 323 67)
4(67 323 324 68)
4(68 324 325 69)
4(69 325 326 70)
4(70 326 327 71)
4(71 327 328 72)
4(72 328 329 73)
4(73 329 330 74)
4(74 330 331 75)
4(75 331 332 76)
4(76 332 333 77)
4(77 333 334 78)
4(78 334 335 79)
4(79 335 336 80)
4(80 336 337 81)
4(81 337 338 82)
4(82 338 339 83)
4(83 339 340 84)
4(84 340 341 85)
4(85 341 342 86)
4(86 342 343 87)
4(87 343 344 88)
4(88 344 345 89)
4(89 345 346 90)
4(90 346 347 91)
4(91 347 348 92)
4(92 348 349 93)
4(93 349 350 94)
4(94 350 351 95)
4(95 351 352 96)
4(96 352 353 97)
4(97 353 354 98)
4(98 354 355 99)
4(99 355 356 100)
4(100 356 357 101)
4(101 357 358 102)
4(102 358 359 103)
4(103 359 360 104)
4(104 360 361 105)
4(105 361 362 106)
4(106 362 363 107)
4(107 363 364 108)
4(108 364 365 109)
4(109 365 366 110)
4(110 366 367 111)
4(111 367 368 112)
4(112 368 369 113)
4(113 369 370 114)
4(114 370 371 115)
4(115 371 372 116)
4(116 372 373 117)
4(117 373 374 118)
4(118 374 375 119)
4(119 375 376 120)
4(120 376 377 121)
4(121 377 378 122)
4(122 378 379 123)
4(123 379 380 124)
4(124 380 381 125)
4(125 381 382 126)
4(126 382 383 127)
4(127 383 384 128)
4(128 384 385 129)
4(129 385 386 130)
4(130 386 387 131)
4(131 387 388 132)
4(132 388 389 133)
4(133 389 390 134)
4(134 390 391 135)
4(135 391 392 136)
4(136 392 393 137)
4(137 393 394 138)
4(138 394 395 139)
4(139 395 396 140)
4(140 396 397 141)
4(141 397 398 142)
4(142 398 399 143)
4(143 399 400 144)
4(144 400 401 145)
4(145 401 402 146)
4(146 402 403 147)
4(147 403 404 148)
4(148 404 405 149)
4(149 405 406 150)
4(150 406 407 151)
4(151 407 408 152)
4(152 408 409 153)
4(153 409 410 154)
4(154 410 411 155)
4(155 411 412 156)
4(156 412 413 157)
4(157 413 414 158)
4(158 414 415 159)
4(159 415 416 160)
4(160 416 417 161)
4(161 417 418 162)
4(162 418 419 163)
4(163 419 420 164)
4(164 420 421 165)
4(165 421 422 166)
4(166 422 423 167)
4(167 423 424 168)
4(168 424 425 169)
4(169 425 426 170)
4(170 426 427 171)
4(171 427 428 172)
4(172 428 429 173)
4(173 429 430 174)
4(174 430 431 175)
4(175 431 432 176)
4(176 432 433 177)
4(177 433 434 178)
4(178 434 435 179)
4(179 435 436 180)
4(180 436 437 181)
4(181 437 438 182)
4(182 438 439 183)
4(183 439 440 184)
4(184 440 441 185)
4(185 441 442 186)
4(186 442 443 187)
4(187 443 444 188)
4(188 444 445 189)
4(189 445 446 190)
4(190 446 447 191)
4(191 447 448 192)
4(192 448 449 193)
4(193 449 450 194)
4(194 450 451 195)
4(195 451 452 196)
4(196 452 453 197)
4(197 453 454 198)
4(198 454 455 199)
4(199 455 456 200)
4(200 456 457 201)
4(201 457 458 202)
4(202 458 459 203)
4(203 459 460 204)
4(204 460 461 205)
4(205 461 462 206)
4(206 462 463 207)
4(207 463 464 208)
4(208 464 465 209)
4(209 465 466 210)
4(210 466 467 211)
4(211 467 468 212)
4(212 468 469 213)
4(213 469 470 214)
4(214 470 471 215)
4(215 471 472 216)
4(216 472 473 217)
4(217 473 474 218)
4(218 474 475 219)
4(219 475 476 220)
4(220 476 477 221)
4(221 477 478 222)
4(222 478 479 223)
4(223 479 480 224)
4(224 480 481 225)
4(225 481 482 226)
4(226 482 483 227)
4(227 483 484 228)
4(228 484 485 229)
4(229 485 486 230)
4(230 486 487 231)
4(231 487 488 232)
4(232 488 489 233)
4(233 489 490 234)
4(234 490 491 235)
4(235 491 492 236)
4(236 492 493 237)
4(237 493 494 238)
4(238 494 495 239)
4(239 495 496 240)
4(240 496 497 241)
4(241 497 498 242)
4(242 498 499 243)
4(243 499 500 244)
4(244 500 501 245)
4(245 501 502 246)
4(246 502 503 247)
4(247 503 504 248)
4(248 504 505 249)
4(249 505 506 250)
4(250 506 507 251)
4(251 507 508 252)
4(252 508 509 253)
4(253 509 510 254)
4(254 510 511 255)
)


// ************************************************************************* //
