/*--------------------------------*- C++ -*----------------------------------*\
| =========                 |                                                 |
| \\      /  F ield         | OpenFOAM: The Open Source CFD Toolbox           |
|  \\    /   O peration     | Version:  v1706                                 |
|   \\  /    A nd           | Web:      www.OpenFOAM.com                      |
|    \\/     M anipulation  |                                                 |
\*---------------------------------------------------------------------------*/
FoamFile
{
    version     2.0;
    format      ascii;
    class       vectorField;
    location    "constant/polyMesh";
    object      points;
}
// * * * * * * * * * * * * * * * * * * * * * * * * * * * * * * * * * * * * * //


1024
(
(1 -0.0436 -0.0436)
(1.07450980392157 -0.0468501960784314 -0.0468501960784314)
(1.14901960784314 -0.0501003921568627 -0.0501003921568627)
(1.22352941176471 -0.0533505882352941 -0.0533505882352941)
(1.29803921568627 -0.0566007843137255 -0.0566007843137255)
(1.37254901960784 -0.0598509803921569 -0.0598509803921569)
(1.44705882352941 -0.0631011764705882 -0.0631011764705882)
(1.52156862745098 -0.0663513725490196 -0.0663513725490196)
(1.59607843137255 -0.069601568627451 -0.069601568627451)
(1.67058823529412 -0.0728517647058824 -0.0728517647058824)
(1.74509803921569 -0.0761019607843137 -0.0761019607843137)
(1.81960784313725 -0.0793521568627451 -0.0793521568627451)
(1.89411764705882 -0.0826023529411765 -0.0826023529411765)
(1.96862745098039 -0.0858525490196079 -0.0858525490196079)
(2.04313725490196 -0.0891027450980392 -0.0891027450980392)
(2.11764705882353 -0.0923529411764706 -0.0923529411764706)
(2.1921568627451 -0.095603137254902 -0.095603137254902)
(2.26666666666667 -0.0988533333333333 -0.0988533333333333)
(2.34117647058824 -0.102103529411765 -0.102103529411765)
(2.4156862745098 -0.105353725490196 -0.105353725490196)
(2.49019607843137 -0.108603921568627 -0.108603921568627)
(2.56470588235294 -0.111854117647059 -0.111854117647059)
(2.63921568627451 -0.11510431372549 -0.11510431372549)
(2.71372549019608 -0.118354509803922 -0.118354509803922)
(2.78823529411765 -0.121604705882353 -0.121604705882353)
(2.86274509803922 -0.124854901960784 -0.124854901960784)
(2.93725490196078 -0.128105098039216 -0.128105098039216)
(3.01176470588235 -0.131355294117647 -0.131355294117647)
(3.08627450980392 -0.134605490196078 -0.134605490196078)
(3.16078431372549 -0.13785568627451 -0.13785568627451)
(3.23529411764706 -0.141105882352941 -0.141105882352941)
(3.30980392156863 -0.144356078431373 -0.144356078431373)
(3.3843137254902 -0.147606274509804 -0.147606274509804)
(3.45882352941176 -0.150856470588235 -0.150856470588235)
(3.53333333333333 -0.154106666666667 -0.154106666666667)
(3.6078431372549 -0.157356862745098 -0.157356862745098)
(3.68235294117647 -0.160607058823529 -0.160607058823529)
(3.75686274509804 -0.163857254901961 -0.163857254901961)
(3.83137254901961 -0.167107450980392 -0.167107450980392)
(3.90588235294118 -0.170357647058824 -0.170357647058824)
(3.98039215686275 -0.173607843137255 -0.173607843137255)
(4.05490196078431 -0.176858039215686 -0.176858039215686)
(4.12941176470588 -0.180108235294118 -0.180108235294118)
(4.20392156862745 -0.183358431372549 -0.183358431372549)
(4.27843137254902 -0.18660862745098 -0.18660862745098)
(4.35294117647059 -0.189858823529412 -0.189858823529412)
(4.42745098039216 -0.193109019607843 -0.193109019607843)
(4.50196078431373 -0.196359215686274 -0.196359215686274)
(4.57647058823529 -0.199609411764706 -0.199609411764706)
(4.65098039215686 -0.202859607843137 -0.202859607843137)
(4.72549019607843 -0.206109803921569 -0.206109803921569)
(4.8 -0.20936 -0.20936)
(4.87450980392157 -0.212610196078431 -0.212610196078431)
(4.94901960784314 -0.215860392156863 -0.215860392156863)
(5.02352941176471 -0.219110588235294 -0.219110588235294)
(5.09803921568628 -0.222360784313725 -0.222360784313725)
(5.17254901960784 -0.225610980392157 -0.225610980392157)
(5.24705882352941 -0.228861176470588 -0.228861176470588)
(5.32156862745098 -0.23211137254902 -0.23211137254902)
(5.39607843137255 -0.235361568627451 -0.235361568627451)
(5.47058823529412 -0.238611764705882 -0.238611764705882)
(5.54509803921569 -0.241861960784314 -0.241861960784314)
(5.61960784313726 -0.245112156862745 -0.245112156862745)
(5.69411764705882 -0.248362352941176 -0.248362352941176)
(5.76862745098039 -0.251612549019608 -0.251612549019608)
(5.84313725490196 -0.254862745098039 -0.254862745098039)
(5.91764705882353 -0.258112941176471 -0.258112941176471)
(5.9921568627451 -0.261363137254902 -0.261363137254902)
(6.06666666666667 -0.264613333333333 -0.264613333333333)
(6.14117647058823 -0.267863529411765 -0.267863529411765)
(6.2156862745098 -0.271113725490196 -0.271113725490196)
(6.29019607843137 -0.274363921568627 -0.274363921568627)
(6.36470588235294 -0.277614117647059 -0.277614117647059)
(6.43921568627451 -0.28086431372549 -0.28086431372549)
(6.51372549019608 -0.284114509803922 -0.284114509803922)
(6.58823529411765 -0.287364705882353 -0.287364705882353)
(6.66274509803922 -0.290614901960784 -0.290614901960784)
(6.73725490196078 -0.293865098039216 -0.293865098039216)
(6.81176470588235 -0.297115294117647 -0.297115294117647)
(6.88627450980392 -0.300365490196078 -0.300365490196078)
(6.96078431372549 -0.30361568627451 -0.30361568627451)
(7.03529411764706 -0.306865882352941 -0.306865882352941)
(7.10980392156863 -0.310116078431373 -0.310116078431373)
(7.1843137254902 -0.313366274509804 -0.313366274509804)
(7.25882352941176 -0.316616470588235 -0.316616470588235)
(7.33333333333333 -0.319866666666667 -0.319866666666667)
(7.4078431372549 -0.323116862745098 -0.323116862745098)
(7.48235294117647 -0.326367058823529 -0.326367058823529)
(7.55686274509804 -0.329617254901961 -0.329617254901961)
(7.63137254901961 -0.332867450980392 -0.332867450980392)
(7.70588235294118 -0.336117647058824 -0.336117647058824)
(7.78039215686275 -0.339367843137255 -0.339367843137255)
(7.85490196078431 -0.342618039215686 -0.342618039215686)
(7.92941176470588 -0.345868235294118 -0.345868235294118)
(8.00392156862745 -0.349118431372549 -0.349118431372549)
(8.07843137254902 -0.35236862745098 -0.35236862745098)
(8.15294117647059 -0.355618823529412 -0.355618823529412)
(8.22745098039216 -0.358869019607843 -0.358869019607843)
(8.30196078431373 -0.362119215686274 -0.362119215686274)
(8.37647058823529 -0.365369411764706 -0.365369411764706)
(8.45098039215686 -0.368619607843137 -0.368619607843137)
(8.52549019607843 -0.371869803921569 -0.371869803921569)
(8.6 -0.37512 -0.37512)
(8.67450980392157 -0.378370196078431 -0.378370196078431)
(8.74901960784314 -0.381620392156863 -0.381620392156863)
(8.82352941176471 -0.384870588235294 -0.384870588235294)
(8.89803921568627 -0.388120784313726 -0.388120784313726)
(8.97254901960785 -0.391370980392157 -0.391370980392157)
(9.04705882352941 -0.394621176470588 -0.394621176470588)
(9.12156862745098 -0.39787137254902 -0.39787137254902)
(9.19607843137255 -0.401121568627451 -0.401121568627451)
(9.27058823529412 -0.404371764705882 -0.404371764705882)
(9.34509803921569 -0.407621960784314 -0.407621960784314)
(9.41960784313726 -0.410872156862745 -0.410872156862745)
(9.49411764705882 -0.414122352941176 -0.414122352941176)
(9.56862745098039 -0.417372549019608 -0.417372549019608)
(9.64313725490196 -0.420622745098039 -0.420622745098039)
(9.71764705882353 -0.423872941176471 -0.423872941176471)
(9.7921568627451 -0.427123137254902 -0.427123137254902)
(9.86666666666667 -0.430373333333333 -0.430373333333333)
(9.94117647058824 -0.433623529411765 -0.433623529411765)
(10.0156862745098 -0.436873725490196 -0.436873725490196)
(10.0901960784314 -0.440123921568627 -0.440123921568627)
(10.1647058823529 -0.443374117647059 -0.443374117647059)
(10.2392156862745 -0.44662431372549 -0.44662431372549)
(10.3137254901961 -0.449874509803921 -0.449874509803921)
(10.3882352941176 -0.453124705882353 -0.453124705882353)
(10.4627450980392 -0.456374901960784 -0.456374901960784)
(10.5372549019608 -0.459625098039216 -0.459625098039216)
(10.6117647058824 -0.462875294117647 -0.462875294117647)
(10.6862745098039 -0.466125490196078 -0.466125490196078)
(10.7607843137255 -0.46937568627451 -0.46937568627451)
(10.8352941176471 -0.472625882352941 -0.472625882352941)
(10.9098039215686 -0.475876078431373 -0.475876078431373)
(10.9843137254902 -0.479126274509804 -0.479126274509804)
(11.0588235294118 -0.482376470588235 -0.482376470588235)
(11.1333333333333 -0.485626666666667 -0.485626666666667)
(11.2078431372549 -0.488876862745098 -0.488876862745098)
(11.2823529411765 -0.492127058823529 -0.492127058823529)
(11.356862745098 -0.495377254901961 -0.495377254901961)
(11.4313725490196 -0.498627450980392 -0.498627450980392)
(11.5058823529412 -0.501877647058824 -0.501877647058824)
(11.5803921568627 -0.505127843137255 -0.505127843137255)
(11.6549019607843 -0.508378039215686 -0.508378039215686)
(11.7294117647059 -0.511628235294118 -0.511628235294118)
(11.8039215686274 -0.514878431372549 -0.514878431372549)
(11.878431372549 -0.51812862745098 -0.51812862745098)
(11.9529411764706 -0.521378823529412 -0.521378823529412)
(12.0274509803922 -0.524629019607843 -0.524629019607843)
(12.1019607843137 -0.527879215686274 -0.527879215686274)
(12.1764705882353 -0.531129411764706 -0.531129411764706)
(12.2509803921569 -0.534379607843137 -0.534379607843137)
(12.3254901960784 -0.537629803921569 -0.537629803921569)
(12.4 -0.54088 -0.54088)
(12.4745098039216 -0.544130196078431 -0.544130196078431)
(12.5490196078431 -0.547380392156863 -0.547380392156863)
(12.6235294117647 -0.550630588235294 -0.550630588235294)
(12.6980392156863 -0.553880784313725 -0.553880784313725)
(12.7725490196078 -0.557130980392157 -0.557130980392157)
(12.8470588235294 -0.560381176470588 -0.560381176470588)
(12.921568627451 -0.56363137254902 -0.56363137254902)
(12.9960784313725 -0.566881568627451 -0.566881568627451)
(13.0705882352941 -0.570131764705882 -0.570131764705882)
(13.1450980392157 -0.573381960784314 -0.573381960784314)
(13.2196078431373 -0.576632156862745 -0.576632156862745)
(13.2941176470588 -0.579882352941176 -0.579882352941176)
(13.3686274509804 -0.583132549019608 -0.583132549019608)
(13.443137254902 -0.586382745098039 -0.586382745098039)
(13.5176470588235 -0.589632941176471 -0.589632941176471)
(13.5921568627451 -0.592883137254902 -0.592883137254902)
(13.6666666666667 -0.596133333333333 -0.596133333333333)
(13.7411764705882 -0.599383529411765 -0.599383529411765)
(13.8156862745098 -0.602633725490196 -0.602633725490196)
(13.8901960784314 -0.605883921568627 -0.605883921568627)
(13.9647058823529 -0.609134117647059 -0.609134117647059)
(14.0392156862745 -0.61238431372549 -0.61238431372549)
(14.1137254901961 -0.615634509803921 -0.615634509803921)
(14.1882352941176 -0.618884705882353 -0.618884705882353)
(14.2627450980392 -0.622134901960784 -0.622134901960784)
(14.3372549019608 -0.625385098039216 -0.625385098039216)
(14.4117647058824 -0.628635294117647 -0.628635294117647)
(14.4862745098039 -0.631885490196078 -0.631885490196078)
(14.5607843137255 -0.63513568627451 -0.63513568627451)
(14.6352941176471 -0.638385882352941 -0.638385882352941)
(14.7098039215686 -0.641636078431372 -0.641636078431372)
(14.7843137254902 -0.644886274509804 -0.644886274509804)
(14.8588235294118 -0.648136470588235 -0.648136470588235)
(14.9333333333333 -0.651386666666667 -0.651386666666667)
(15.0078431372549 -0.654636862745098 -0.654636862745098)
(15.0823529411765 -0.657887058823529 -0.657887058823529)
(15.156862745098 -0.661137254901961 -0.661137254901961)
(15.2313725490196 -0.664387450980392 -0.664387450980392)
(15.3058823529412 -0.667637647058823 -0.667637647058823)
(15.3803921568627 -0.670887843137255 -0.670887843137255)
(15.4549019607843 -0.674138039215686 -0.674138039215686)
(15.5294117647059 -0.677388235294118 -0.677388235294118)
(15.6039215686275 -0.680638431372549 -0.680638431372549)
(15.678431372549 -0.68388862745098 -0.68388862745098)
(15.7529411764706 -0.687138823529412 -0.687138823529412)
(15.8274509803922 -0.690389019607843 -0.690389019607843)
(15.9019607843137 -0.693639215686275 -0.693639215686275)
(15.9764705882353 -0.696889411764706 -0.696889411764706)
(16.0509803921569 -0.700139607843137 -0.700139607843137)
(16.1254901960784 -0.703389803921569 -0.703389803921569)
(16.2 -0.70664 -0.70664)
(16.2745098039216 -0.709890196078431 -0.709890196078431)
(16.3490196078431 -0.713140392156863 -0.713140392156863)
(16.4235294117647 -0.716390588235294 -0.716390588235294)
(16.4980392156863 -0.719640784313725 -0.719640784313725)
(16.5725490196078 -0.722890980392157 -0.722890980392157)
(16.6470588235294 -0.726141176470588 -0.726141176470588)
(16.721568627451 -0.72939137254902 -0.72939137254902)
(16.7960784313725 -0.732641568627451 -0.732641568627451)
(16.8705882352941 -0.735891764705882 -0.735891764705882)
(16.9450980392157 -0.739141960784314 -0.739141960784314)
(17.0196078431373 -0.742392156862745 -0.742392156862745)
(17.0941176470588 -0.745642352941176 -0.745642352941176)
(17.1686274509804 -0.748892549019608 -0.748892549019608)
(17.243137254902 -0.752142745098039 -0.752142745098039)
(17.3176470588235 -0.75539294117647 -0.75539294117647)
(17.3921568627451 -0.758643137254902 -0.758643137254902)
(17.4666666666667 -0.761893333333333 -0.761893333333333)
(17.5411764705882 -0.765143529411765 -0.765143529411765)
(17.6156862745098 -0.768393725490196 -0.768393725490196)
(17.6901960784314 -0.771643921568627 -0.771643921568627)
(17.7647058823529 -0.774894117647059 -0.774894117647059)
(17.8392156862745 -0.77814431372549 -0.77814431372549)
(17.9137254901961 -0.781394509803921 -0.781394509803921)
(17.9882352941176 -0.784644705882353 -0.784644705882353)
(18.0627450980392 -0.787894901960784 -0.787894901960784)
(18.1372549019608 -0.791145098039216 -0.791145098039216)
(18.2117647058824 -0.794395294117647 -0.794395294117647)
(18.2862745098039 -0.797645490196078 -0.797645490196078)
(18.3607843137255 -0.80089568627451 -0.80089568627451)
(18.4352941176471 -0.804145882352941 -0.804145882352941)
(18.5098039215686 -0.807396078431372 -0.807396078431372)
(18.5843137254902 -0.810646274509804 -0.810646274509804)
(18.6588235294118 -0.813896470588235 -0.813896470588235)
(18.7333333333333 -0.817146666666667 -0.817146666666667)
(18.8078431372549 -0.820396862745098 -0.820396862745098)
(18.8823529411765 -0.823647058823529 -0.823647058823529)
(18.956862745098 -0.826897254901961 -0.826897254901961)
(19.0313725490196 -0.830147450980392 -0.830147450980392)
(19.1058823529412 -0.833397647058823 -0.833397647058823)
(19.1803921568627 -0.836647843137255 -0.836647843137255)
(19.2549019607843 -0.839898039215686 -0.839898039215686)
(19.3294117647059 -0.843148235294118 -0.843148235294118)
(19.4039215686274 -0.846398431372549 -0.846398431372549)
(19.478431372549 -0.84964862745098 -0.84964862745098)
(19.5529411764706 -0.852898823529412 -0.852898823529412)
(19.6274509803922 -0.856149019607843 -0.856149019607843)
(19.7019607843137 -0.859399215686274 -0.859399215686274)
(19.7764705882353 -0.862649411764706 -0.862649411764706)
(19.8509803921569 -0.865899607843137 -0.865899607843137)
(19.9254901960784 -0.869149803921569 -0.869149803921569)
(20 -0.8724 -0.8724)
(1 0.0436 -0.0436)
(1.07450980392157 0.0468501960784314 -0.0468501960784314)
(1.14901960784314 0.0501003921568627 -0.0501003921568627)
(1.22352941176471 0.0533505882352941 -0.0533505882352941)
(1.29803921568627 0.0566007843137255 -0.0566007843137255)
(1.37254901960784 0.0598509803921569 -0.0598509803921569)
(1.44705882352941 0.0631011764705882 -0.0631011764705882)
(1.52156862745098 0.0663513725490196 -0.0663513725490196)
(1.59607843137255 0.069601568627451 -0.069601568627451)
(1.67058823529412 0.0728517647058824 -0.0728517647058824)
(1.74509803921569 0.0761019607843137 -0.0761019607843137)
(1.81960784313725 0.0793521568627451 -0.0793521568627451)
(1.89411764705882 0.0826023529411765 -0.0826023529411765)
(1.96862745098039 0.0858525490196078 -0.0858525490196078)
(2.04313725490196 0.0891027450980392 -0.0891027450980392)
(2.11764705882353 0.0923529411764706 -0.0923529411764706)
(2.1921568627451 0.095603137254902 -0.095603137254902)
(2.26666666666667 0.0988533333333333 -0.0988533333333333)
(2.34117647058824 0.102103529411765 -0.102103529411765)
(2.4156862745098 0.105353725490196 -0.105353725490196)
(2.49019607843137 0.108603921568627 -0.108603921568627)
(2.56470588235294 0.111854117647059 -0.111854117647059)
(2.63921568627451 0.11510431372549 -0.11510431372549)
(2.71372549019608 0.118354509803922 -0.118354509803922)
(2.78823529411765 0.121604705882353 -0.121604705882353)
(2.86274509803922 0.124854901960784 -0.124854901960784)
(2.93725490196078 0.128105098039216 -0.128105098039216)
(3.01176470588235 0.131355294117647 -0.131355294117647)
(3.08627450980392 0.134605490196078 -0.134605490196078)
(3.16078431372549 0.13785568627451 -0.13785568627451)
(3.23529411764706 0.141105882352941 -0.141105882352941)
(3.30980392156863 0.144356078431373 -0.144356078431373)
(3.3843137254902 0.147606274509804 -0.147606274509804)
(3.45882352941176 0.150856470588235 -0.150856470588235)
(3.53333333333333 0.154106666666667 -0.154106666666667)
(3.6078431372549 0.157356862745098 -0.157356862745098)
(3.68235294117647 0.160607058823529 -0.160607058823529)
(3.75686274509804 0.163857254901961 -0.163857254901961)
(3.83137254901961 0.167107450980392 -0.167107450980392)
(3.90588235294118 0.170357647058824 -0.170357647058824)
(3.98039215686275 0.173607843137255 -0.173607843137255)
(4.05490196078431 0.176858039215686 -0.176858039215686)
(4.12941176470588 0.180108235294118 -0.180108235294118)
(4.20392156862745 0.183358431372549 -0.183358431372549)
(4.27843137254902 0.18660862745098 -0.18660862745098)
(4.35294117647059 0.189858823529412 -0.189858823529412)
(4.42745098039216 0.193109019607843 -0.193109019607843)
(4.50196078431373 0.196359215686274 -0.196359215686274)
(4.57647058823529 0.199609411764706 -0.199609411764706)
(4.65098039215686 0.202859607843137 -0.202859607843137)
(4.72549019607843 0.206109803921569 -0.206109803921569)
(4.8 0.20936 -0.20936)
(4.87450980392157 0.212610196078431 -0.212610196078431)
(4.94901960784314 0.215860392156863 -0.215860392156863)
(5.02352941176471 0.219110588235294 -0.219110588235294)
(5.09803921568628 0.222360784313725 -0.222360784313725)
(5.17254901960784 0.225610980392157 -0.225610980392157)
(5.24705882352941 0.228861176470588 -0.228861176470588)
(5.32156862745098 0.23211137254902 -0.23211137254902)
(5.39607843137255 0.235361568627451 -0.235361568627451)
(5.47058823529412 0.238611764705882 -0.238611764705882)
(5.54509803921569 0.241861960784314 -0.241861960784314)
(5.61960784313726 0.245112156862745 -0.245112156862745)
(5.69411764705882 0.248362352941176 -0.248362352941176)
(5.76862745098039 0.251612549019608 -0.251612549019608)
(5.84313725490196 0.254862745098039 -0.254862745098039)
(5.91764705882353 0.258112941176471 -0.258112941176471)
(5.9921568627451 0.261363137254902 -0.261363137254902)
(6.06666666666667 0.264613333333333 -0.264613333333333)
(6.14117647058823 0.267863529411765 -0.267863529411765)
(6.2156862745098 0.271113725490196 -0.271113725490196)
(6.29019607843137 0.274363921568627 -0.274363921568627)
(6.36470588235294 0.277614117647059 -0.277614117647059)
(6.43921568627451 0.28086431372549 -0.28086431372549)
(6.51372549019608 0.284114509803922 -0.284114509803922)
(6.58823529411765 0.287364705882353 -0.287364705882353)
(6.66274509803922 0.290614901960784 -0.290614901960784)
(6.73725490196079 0.293865098039216 -0.293865098039216)
(6.81176470588235 0.297115294117647 -0.297115294117647)
(6.88627450980392 0.300365490196078 -0.300365490196078)
(6.96078431372549 0.30361568627451 -0.30361568627451)
(7.03529411764706 0.306865882352941 -0.306865882352941)
(7.10980392156863 0.310116078431373 -0.310116078431373)
(7.1843137254902 0.313366274509804 -0.313366274509804)
(7.25882352941176 0.316616470588235 -0.316616470588235)
(7.33333333333333 0.319866666666667 -0.319866666666667)
(7.4078431372549 0.323116862745098 -0.323116862745098)
(7.48235294117647 0.326367058823529 -0.326367058823529)
(7.55686274509804 0.329617254901961 -0.329617254901961)
(7.63137254901961 0.332867450980392 -0.332867450980392)
(7.70588235294118 0.336117647058824 -0.336117647058824)
(7.78039215686275 0.339367843137255 -0.339367843137255)
(7.85490196078431 0.342618039215686 -0.342618039215686)
(7.92941176470588 0.345868235294118 -0.345868235294118)
(8.00392156862745 0.349118431372549 -0.349118431372549)
(8.07843137254902 0.35236862745098 -0.35236862745098)
(8.15294117647059 0.355618823529412 -0.355618823529412)
(8.22745098039216 0.358869019607843 -0.358869019607843)
(8.30196078431373 0.362119215686274 -0.362119215686274)
(8.37647058823529 0.365369411764706 -0.365369411764706)
(8.45098039215686 0.368619607843137 -0.368619607843137)
(8.52549019607843 0.371869803921569 -0.371869803921569)
(8.6 0.37512 -0.37512)
(8.67450980392157 0.378370196078431 -0.378370196078431)
(8.74901960784314 0.381620392156863 -0.381620392156863)
(8.82352941176471 0.384870588235294 -0.384870588235294)
(8.89803921568627 0.388120784313726 -0.388120784313726)
(8.97254901960784 0.391370980392157 -0.391370980392157)
(9.04705882352941 0.394621176470588 -0.394621176470588)
(9.12156862745098 0.39787137254902 -0.39787137254902)
(9.19607843137255 0.401121568627451 -0.401121568627451)
(9.27058823529412 0.404371764705882 -0.404371764705882)
(9.34509803921569 0.407621960784314 -0.407621960784314)
(9.41960784313726 0.410872156862745 -0.410872156862745)
(9.49411764705882 0.414122352941176 -0.414122352941176)
(9.56862745098039 0.417372549019608 -0.417372549019608)
(9.64313725490196 0.420622745098039 -0.420622745098039)
(9.71764705882353 0.423872941176471 -0.423872941176471)
(9.7921568627451 0.427123137254902 -0.427123137254902)
(9.86666666666667 0.430373333333333 -0.430373333333333)
(9.94117647058824 0.433623529411765 -0.433623529411765)
(10.0156862745098 0.436873725490196 -0.436873725490196)
(10.0901960784314 0.440123921568627 -0.440123921568627)
(10.1647058823529 0.443374117647059 -0.443374117647059)
(10.2392156862745 0.44662431372549 -0.44662431372549)
(10.3137254901961 0.449874509803921 -0.449874509803921)
(10.3882352941176 0.453124705882353 -0.453124705882353)
(10.4627450980392 0.456374901960784 -0.456374901960784)
(10.5372549019608 0.459625098039216 -0.459625098039216)
(10.6117647058824 0.462875294117647 -0.462875294117647)
(10.6862745098039 0.466125490196078 -0.466125490196078)
(10.7607843137255 0.46937568627451 -0.46937568627451)
(10.8352941176471 0.472625882352941 -0.472625882352941)
(10.9098039215686 0.475876078431373 -0.475876078431373)
(10.9843137254902 0.479126274509804 -0.479126274509804)
(11.0588235294118 0.482376470588235 -0.482376470588235)
(11.1333333333333 0.485626666666667 -0.485626666666667)
(11.2078431372549 0.488876862745098 -0.488876862745098)
(11.2823529411765 0.492127058823529 -0.492127058823529)
(11.356862745098 0.495377254901961 -0.495377254901961)
(11.4313725490196 0.498627450980392 -0.498627450980392)
(11.5058823529412 0.501877647058824 -0.501877647058824)
(11.5803921568627 0.505127843137255 -0.505127843137255)
(11.6549019607843 0.508378039215686 -0.508378039215686)
(11.7294117647059 0.511628235294118 -0.511628235294118)
(11.8039215686274 0.514878431372549 -0.514878431372549)
(11.878431372549 0.51812862745098 -0.51812862745098)
(11.9529411764706 0.521378823529412 -0.521378823529412)
(12.0274509803922 0.524629019607843 -0.524629019607843)
(12.1019607843137 0.527879215686274 -0.527879215686274)
(12.1764705882353 0.531129411764706 -0.531129411764706)
(12.2509803921569 0.534379607843137 -0.534379607843137)
(12.3254901960784 0.537629803921569 -0.537629803921569)
(12.4 0.54088 -0.54088)
(12.4745098039216 0.544130196078431 -0.544130196078431)
(12.5490196078431 0.547380392156863 -0.547380392156863)
(12.6235294117647 0.550630588235294 -0.550630588235294)
(12.6980392156863 0.553880784313725 -0.553880784313725)
(12.7725490196078 0.557130980392157 -0.557130980392157)
(12.8470588235294 0.560381176470588 -0.560381176470588)
(12.921568627451 0.56363137254902 -0.56363137254902)
(12.9960784313725 0.566881568627451 -0.566881568627451)
(13.0705882352941 0.570131764705882 -0.570131764705882)
(13.1450980392157 0.573381960784314 -0.573381960784314)
(13.2196078431373 0.576632156862745 -0.576632156862745)
(13.2941176470588 0.579882352941176 -0.579882352941176)
(13.3686274509804 0.583132549019608 -0.583132549019608)
(13.443137254902 0.586382745098039 -0.586382745098039)
(13.5176470588235 0.589632941176471 -0.589632941176471)
(13.5921568627451 0.592883137254902 -0.592883137254902)
(13.6666666666667 0.596133333333333 -0.596133333333333)
(13.7411764705882 0.599383529411765 -0.599383529411765)
(13.8156862745098 0.602633725490196 -0.602633725490196)
(13.8901960784314 0.605883921568627 -0.605883921568627)
(13.9647058823529 0.609134117647059 -0.609134117647059)
(14.0392156862745 0.61238431372549 -0.61238431372549)
(14.1137254901961 0.615634509803922 -0.615634509803922)
(14.1882352941176 0.618884705882353 -0.618884705882353)
(14.2627450980392 0.622134901960784 -0.622134901960784)
(14.3372549019608 0.625385098039216 -0.625385098039216)
(14.4117647058824 0.628635294117647 -0.628635294117647)
(14.4862745098039 0.631885490196078 -0.631885490196078)
(14.5607843137255 0.63513568627451 -0.63513568627451)
(14.6352941176471 0.638385882352941 -0.638385882352941)
(14.7098039215686 0.641636078431372 -0.641636078431372)
(14.7843137254902 0.644886274509804 -0.644886274509804)
(14.8588235294118 0.648136470588235 -0.648136470588235)
(14.9333333333333 0.651386666666667 -0.651386666666667)
(15.0078431372549 0.654636862745098 -0.654636862745098)
(15.0823529411765 0.657887058823529 -0.657887058823529)
(15.156862745098 0.661137254901961 -0.661137254901961)
(15.2313725490196 0.664387450980392 -0.664387450980392)
(15.3058823529412 0.667637647058823 -0.667637647058823)
(15.3803921568627 0.670887843137255 -0.670887843137255)
(15.4549019607843 0.674138039215686 -0.674138039215686)
(15.5294117647059 0.677388235294118 -0.677388235294118)
(15.6039215686275 0.680638431372549 -0.680638431372549)
(15.678431372549 0.68388862745098 -0.68388862745098)
(15.7529411764706 0.687138823529412 -0.687138823529412)
(15.8274509803922 0.690389019607843 -0.690389019607843)
(15.9019607843137 0.693639215686275 -0.693639215686275)
(15.9764705882353 0.696889411764706 -0.696889411764706)
(16.0509803921569 0.700139607843137 -0.700139607843137)
(16.1254901960784 0.703389803921569 -0.703389803921569)
(16.2 0.70664 -0.70664)
(16.2745098039216 0.709890196078431 -0.709890196078431)
(16.3490196078431 0.713140392156863 -0.713140392156863)
(16.4235294117647 0.716390588235294 -0.716390588235294)
(16.4980392156863 0.719640784313726 -0.719640784313726)
(16.5725490196078 0.722890980392157 -0.722890980392157)
(16.6470588235294 0.726141176470588 -0.726141176470588)
(16.721568627451 0.72939137254902 -0.72939137254902)
(16.7960784313725 0.732641568627451 -0.732641568627451)
(16.8705882352941 0.735891764705882 -0.735891764705882)
(16.9450980392157 0.739141960784314 -0.739141960784314)
(17.0196078431373 0.742392156862745 -0.742392156862745)
(17.0941176470588 0.745642352941177 -0.745642352941177)
(17.1686274509804 0.748892549019608 -0.748892549019608)
(17.243137254902 0.752142745098039 -0.752142745098039)
(17.3176470588235 0.755392941176471 -0.755392941176471)
(17.3921568627451 0.758643137254902 -0.758643137254902)
(17.4666666666667 0.761893333333333 -0.761893333333333)
(17.5411764705882 0.765143529411765 -0.765143529411765)
(17.6156862745098 0.768393725490196 -0.768393725490196)
(17.6901960784314 0.771643921568627 -0.771643921568627)
(17.7647058823529 0.774894117647059 -0.774894117647059)
(17.8392156862745 0.77814431372549 -0.77814431372549)
(17.9137254901961 0.781394509803921 -0.781394509803921)
(17.9882352941176 0.784644705882353 -0.784644705882353)
(18.0627450980392 0.787894901960784 -0.787894901960784)
(18.1372549019608 0.791145098039216 -0.791145098039216)
(18.2117647058824 0.794395294117647 -0.794395294117647)
(18.2862745098039 0.797645490196078 -0.797645490196078)
(18.3607843137255 0.80089568627451 -0.80089568627451)
(18.4352941176471 0.804145882352941 -0.804145882352941)
(18.5098039215686 0.807396078431372 -0.807396078431372)
(18.5843137254902 0.810646274509804 -0.810646274509804)
(18.6588235294118 0.813896470588235 -0.813896470588235)
(18.7333333333333 0.817146666666667 -0.817146666666667)
(18.8078431372549 0.820396862745098 -0.820396862745098)
(18.8823529411765 0.823647058823529 -0.823647058823529)
(18.956862745098 0.826897254901961 -0.826897254901961)
(19.0313725490196 0.830147450980392 -0.830147450980392)
(19.1058823529412 0.833397647058823 -0.833397647058823)
(19.1803921568627 0.836647843137255 -0.836647843137255)
(19.2549019607843 0.839898039215686 -0.839898039215686)
(19.3294117647059 0.843148235294118 -0.843148235294118)
(19.4039215686274 0.846398431372549 -0.846398431372549)
(19.478431372549 0.84964862745098 -0.84964862745098)
(19.5529411764706 0.852898823529412 -0.852898823529412)
(19.6274509803922 0.856149019607843 -0.856149019607843)
(19.7019607843137 0.859399215686274 -0.859399215686274)
(19.7764705882353 0.862649411764706 -0.862649411764706)
(19.8509803921569 0.865899607843137 -0.865899607843137)
(19.9254901960784 0.869149803921569 -0.869149803921569)
(20 0.8724 -0.8724)
(1 -0.0436 0.0436)
(1.07450980392157 -0.0468501960784314 0.0468501960784314)
(1.14901960784314 -0.0501003921568627 0.0501003921568627)
(1.22352941176471 -0.0533505882352941 0.0533505882352941)
(1.29803921568627 -0.0566007843137255 0.0566007843137255)
(1.37254901960784 -0.0598509803921569 0.0598509803921569)
(1.44705882352941 -0.0631011764705882 0.0631011764705882)
(1.52156862745098 -0.0663513725490196 0.0663513725490196)
(1.59607843137255 -0.069601568627451 0.069601568627451)
(1.67058823529412 -0.0728517647058824 0.0728517647058824)
(1.74509803921569 -0.0761019607843137 0.0761019607843137)
(1.81960784313725 -0.0793521568627451 0.0793521568627451)
(1.89411764705882 -0.0826023529411765 0.0826023529411765)
(1.96862745098039 -0.0858525490196079 0.0858525490196079)
(2.04313725490196 -0.0891027450980392 0.0891027450980392)
(2.11764705882353 -0.0923529411764706 0.0923529411764706)
(2.1921568627451 -0.095603137254902 0.095603137254902)
(2.26666666666667 -0.0988533333333333 0.0988533333333333)
(2.34117647058824 -0.102103529411765 0.102103529411765)
(2.4156862745098 -0.105353725490196 0.105353725490196)
(2.49019607843137 -0.108603921568627 0.108603921568627)
(2.56470588235294 -0.111854117647059 0.111854117647059)
(2.63921568627451 -0.11510431372549 0.11510431372549)
(2.71372549019608 -0.118354509803922 0.118354509803922)
(2.78823529411765 -0.121604705882353 0.121604705882353)
(2.86274509803922 -0.124854901960784 0.124854901960784)
(2.93725490196078 -0.128105098039216 0.128105098039216)
(3.01176470588235 -0.131355294117647 0.131355294117647)
(3.08627450980392 -0.134605490196078 0.134605490196078)
(3.16078431372549 -0.13785568627451 0.13785568627451)
(3.23529411764706 -0.141105882352941 0.141105882352941)
(3.30980392156863 -0.144356078431373 0.144356078431373)
(3.3843137254902 -0.147606274509804 0.147606274509804)
(3.45882352941176 -0.150856470588235 0.150856470588235)
(3.53333333333333 -0.154106666666667 0.154106666666667)
(3.6078431372549 -0.157356862745098 0.157356862745098)
(3.68235294117647 -0.160607058823529 0.160607058823529)
(3.75686274509804 -0.163857254901961 0.163857254901961)
(3.83137254901961 -0.167107450980392 0.167107450980392)
(3.90588235294118 -0.170357647058824 0.170357647058824)
(3.98039215686274 -0.173607843137255 0.173607843137255)
(4.05490196078431 -0.176858039215686 0.176858039215686)
(4.12941176470588 -0.180108235294118 0.180108235294118)
(4.20392156862745 -0.183358431372549 0.183358431372549)
(4.27843137254902 -0.18660862745098 0.18660862745098)
(4.35294117647059 -0.189858823529412 0.189858823529412)
(4.42745098039216 -0.193109019607843 0.193109019607843)
(4.50196078431373 -0.196359215686274 0.196359215686274)
(4.57647058823529 -0.199609411764706 0.199609411764706)
(4.65098039215686 -0.202859607843137 0.202859607843137)
(4.72549019607843 -0.206109803921569 0.206109803921569)
(4.8 -0.20936 0.20936)
(4.87450980392157 -0.212610196078431 0.212610196078431)
(4.94901960784314 -0.215860392156863 0.215860392156863)
(5.02352941176471 -0.219110588235294 0.219110588235294)
(5.09803921568628 -0.222360784313725 0.222360784313725)
(5.17254901960784 -0.225610980392157 0.225610980392157)
(5.24705882352941 -0.228861176470588 0.228861176470588)
(5.32156862745098 -0.23211137254902 0.23211137254902)
(5.39607843137255 -0.235361568627451 0.235361568627451)
(5.47058823529412 -0.238611764705882 0.238611764705882)
(5.54509803921569 -0.241861960784314 0.241861960784314)
(5.61960784313726 -0.245112156862745 0.245112156862745)
(5.69411764705882 -0.248362352941176 0.248362352941176)
(5.76862745098039 -0.251612549019608 0.251612549019608)
(5.84313725490196 -0.254862745098039 0.254862745098039)
(5.91764705882353 -0.258112941176471 0.258112941176471)
(5.9921568627451 -0.261363137254902 0.261363137254902)
(6.06666666666667 -0.264613333333333 0.264613333333333)
(6.14117647058823 -0.267863529411765 0.267863529411765)
(6.2156862745098 -0.271113725490196 0.271113725490196)
(6.29019607843137 -0.274363921568627 0.274363921568627)
(6.36470588235294 -0.277614117647059 0.277614117647059)
(6.43921568627451 -0.28086431372549 0.28086431372549)
(6.51372549019608 -0.284114509803922 0.284114509803922)
(6.58823529411765 -0.287364705882353 0.287364705882353)
(6.66274509803922 -0.290614901960784 0.290614901960784)
(6.73725490196078 -0.293865098039216 0.293865098039216)
(6.81176470588235 -0.297115294117647 0.297115294117647)
(6.88627450980392 -0.300365490196078 0.300365490196078)
(6.96078431372549 -0.30361568627451 0.30361568627451)
(7.03529411764706 -0.306865882352941 0.306865882352941)
(7.10980392156863 -0.310116078431373 0.310116078431373)
(7.1843137254902 -0.313366274509804 0.313366274509804)
(7.25882352941176 -0.316616470588235 0.316616470588235)
(7.33333333333333 -0.319866666666667 0.319866666666667)
(7.4078431372549 -0.323116862745098 0.323116862745098)
(7.48235294117647 -0.326367058823529 0.326367058823529)
(7.55686274509804 -0.329617254901961 0.329617254901961)
(7.63137254901961 -0.332867450980392 0.332867450980392)
(7.70588235294118 -0.336117647058824 0.336117647058824)
(7.78039215686274 -0.339367843137255 0.339367843137255)
(7.85490196078431 -0.342618039215686 0.342618039215686)
(7.92941176470588 -0.345868235294118 0.345868235294118)
(8.00392156862745 -0.349118431372549 0.349118431372549)
(8.07843137254902 -0.35236862745098 0.35236862745098)
(8.15294117647059 -0.355618823529412 0.355618823529412)
(8.22745098039216 -0.358869019607843 0.358869019607843)
(8.30196078431373 -0.362119215686275 0.362119215686275)
(8.37647058823529 -0.365369411764706 0.365369411764706)
(8.45098039215686 -0.368619607843137 0.368619607843137)
(8.52549019607843 -0.371869803921569 0.371869803921569)
(8.6 -0.37512 0.37512)
(8.67450980392157 -0.378370196078431 0.378370196078431)
(8.74901960784314 -0.381620392156863 0.381620392156863)
(8.82352941176471 -0.384870588235294 0.384870588235294)
(8.89803921568627 -0.388120784313726 0.388120784313726)
(8.97254901960785 -0.391370980392157 0.391370980392157)
(9.04705882352941 -0.394621176470588 0.394621176470588)
(9.12156862745098 -0.39787137254902 0.39787137254902)
(9.19607843137255 -0.401121568627451 0.401121568627451)
(9.27058823529412 -0.404371764705882 0.404371764705882)
(9.34509803921569 -0.407621960784314 0.407621960784314)
(9.41960784313726 -0.410872156862745 0.410872156862745)
(9.49411764705883 -0.414122352941176 0.414122352941176)
(9.56862745098039 -0.417372549019608 0.417372549019608)
(9.64313725490196 -0.420622745098039 0.420622745098039)
(9.71764705882353 -0.423872941176471 0.423872941176471)
(9.7921568627451 -0.427123137254902 0.427123137254902)
(9.86666666666667 -0.430373333333333 0.430373333333333)
(9.94117647058824 -0.433623529411765 0.433623529411765)
(10.0156862745098 -0.436873725490196 0.436873725490196)
(10.0901960784314 -0.440123921568627 0.440123921568627)
(10.1647058823529 -0.443374117647059 0.443374117647059)
(10.2392156862745 -0.44662431372549 0.44662431372549)
(10.3137254901961 -0.449874509803921 0.449874509803921)
(10.3882352941176 -0.453124705882353 0.453124705882353)
(10.4627450980392 -0.456374901960784 0.456374901960784)
(10.5372549019608 -0.459625098039216 0.459625098039216)
(10.6117647058824 -0.462875294117647 0.462875294117647)
(10.6862745098039 -0.466125490196078 0.466125490196078)
(10.7607843137255 -0.46937568627451 0.46937568627451)
(10.8352941176471 -0.472625882352941 0.472625882352941)
(10.9098039215686 -0.475876078431373 0.475876078431373)
(10.9843137254902 -0.479126274509804 0.479126274509804)
(11.0588235294118 -0.482376470588235 0.482376470588235)
(11.1333333333333 -0.485626666666667 0.485626666666667)
(11.2078431372549 -0.488876862745098 0.488876862745098)
(11.2823529411765 -0.492127058823529 0.492127058823529)
(11.356862745098 -0.495377254901961 0.495377254901961)
(11.4313725490196 -0.498627450980392 0.498627450980392)
(11.5058823529412 -0.501877647058824 0.501877647058824)
(11.5803921568627 -0.505127843137255 0.505127843137255)
(11.6549019607843 -0.508378039215686 0.508378039215686)
(11.7294117647059 -0.511628235294118 0.511628235294118)
(11.8039215686274 -0.514878431372549 0.514878431372549)
(11.878431372549 -0.51812862745098 0.51812862745098)
(11.9529411764706 -0.521378823529412 0.521378823529412)
(12.0274509803922 -0.524629019607843 0.524629019607843)
(12.1019607843137 -0.527879215686274 0.527879215686274)
(12.1764705882353 -0.531129411764706 0.531129411764706)
(12.2509803921569 -0.534379607843137 0.534379607843137)
(12.3254901960784 -0.537629803921569 0.537629803921569)
(12.4 -0.54088 0.54088)
(12.4745098039216 -0.544130196078431 0.544130196078431)
(12.5490196078431 -0.547380392156863 0.547380392156863)
(12.6235294117647 -0.550630588235294 0.550630588235294)
(12.6980392156863 -0.553880784313725 0.553880784313725)
(12.7725490196078 -0.557130980392157 0.557130980392157)
(12.8470588235294 -0.560381176470588 0.560381176470588)
(12.921568627451 -0.56363137254902 0.56363137254902)
(12.9960784313725 -0.566881568627451 0.566881568627451)
(13.0705882352941 -0.570131764705882 0.570131764705882)
(13.1450980392157 -0.573381960784314 0.573381960784314)
(13.2196078431373 -0.576632156862745 0.576632156862745)
(13.2941176470588 -0.579882352941177 0.579882352941177)
(13.3686274509804 -0.583132549019608 0.583132549019608)
(13.443137254902 -0.586382745098039 0.586382745098039)
(13.5176470588235 -0.589632941176471 0.589632941176471)
(13.5921568627451 -0.592883137254902 0.592883137254902)
(13.6666666666667 -0.596133333333333 0.596133333333333)
(13.7411764705882 -0.599383529411765 0.599383529411765)
(13.8156862745098 -0.602633725490196 0.602633725490196)
(13.8901960784314 -0.605883921568627 0.605883921568627)
(13.9647058823529 -0.609134117647059 0.609134117647059)
(14.0392156862745 -0.61238431372549 0.61238431372549)
(14.1137254901961 -0.615634509803921 0.615634509803921)
(14.1882352941176 -0.618884705882353 0.618884705882353)
(14.2627450980392 -0.622134901960784 0.622134901960784)
(14.3372549019608 -0.625385098039216 0.625385098039216)
(14.4117647058824 -0.628635294117647 0.628635294117647)
(14.4862745098039 -0.631885490196078 0.631885490196078)
(14.5607843137255 -0.63513568627451 0.63513568627451)
(14.6352941176471 -0.638385882352941 0.638385882352941)
(14.7098039215686 -0.641636078431372 0.641636078431372)
(14.7843137254902 -0.644886274509804 0.644886274509804)
(14.8588235294118 -0.648136470588235 0.648136470588235)
(14.9333333333333 -0.651386666666667 0.651386666666667)
(15.0078431372549 -0.654636862745098 0.654636862745098)
(15.0823529411765 -0.657887058823529 0.657887058823529)
(15.156862745098 -0.661137254901961 0.661137254901961)
(15.2313725490196 -0.664387450980392 0.664387450980392)
(15.3058823529412 -0.667637647058823 0.667637647058823)
(15.3803921568627 -0.670887843137255 0.670887843137255)
(15.4549019607843 -0.674138039215686 0.674138039215686)
(15.5294117647059 -0.677388235294118 0.677388235294118)
(15.6039215686275 -0.680638431372549 0.680638431372549)
(15.678431372549 -0.68388862745098 0.68388862745098)
(15.7529411764706 -0.687138823529412 0.687138823529412)
(15.8274509803922 -0.690389019607843 0.690389019607843)
(15.9019607843137 -0.693639215686275 0.693639215686275)
(15.9764705882353 -0.696889411764706 0.696889411764706)
(16.0509803921569 -0.700139607843137 0.700139607843137)
(16.1254901960784 -0.703389803921569 0.703389803921569)
(16.2 -0.70664 0.70664)
(16.2745098039216 -0.709890196078431 0.709890196078431)
(16.3490196078431 -0.713140392156863 0.713140392156863)
(16.4235294117647 -0.716390588235294 0.716390588235294)
(16.4980392156863 -0.719640784313725 0.719640784313725)
(16.5725490196078 -0.722890980392157 0.722890980392157)
(16.6470588235294 -0.726141176470588 0.726141176470588)
(16.721568627451 -0.72939137254902 0.72939137254902)
(16.7960784313725 -0.732641568627451 0.732641568627451)
(16.8705882352941 -0.735891764705882 0.735891764705882)
(16.9450980392157 -0.739141960784314 0.739141960784314)
(17.0196078431373 -0.742392156862745 0.742392156862745)
(17.0941176470588 -0.745642352941176 0.745642352941176)
(17.1686274509804 -0.748892549019608 0.748892549019608)
(17.243137254902 -0.752142745098039 0.752142745098039)
(17.3176470588235 -0.75539294117647 0.75539294117647)
(17.3921568627451 -0.758643137254902 0.758643137254902)
(17.4666666666667 -0.761893333333333 0.761893333333333)
(17.5411764705882 -0.765143529411765 0.765143529411765)
(17.6156862745098 -0.768393725490196 0.768393725490196)
(17.6901960784314 -0.771643921568627 0.771643921568627)
(17.7647058823529 -0.774894117647059 0.774894117647059)
(17.8392156862745 -0.77814431372549 0.77814431372549)
(17.9137254901961 -0.781394509803922 0.781394509803922)
(17.9882352941177 -0.784644705882353 0.784644705882353)
(18.0627450980392 -0.787894901960784 0.787894901960784)
(18.1372549019608 -0.791145098039216 0.791145098039216)
(18.2117647058824 -0.794395294117647 0.794395294117647)
(18.2862745098039 -0.797645490196078 0.797645490196078)
(18.3607843137255 -0.80089568627451 0.80089568627451)
(18.4352941176471 -0.804145882352941 0.804145882352941)
(18.5098039215686 -0.807396078431372 0.807396078431372)
(18.5843137254902 -0.810646274509804 0.810646274509804)
(18.6588235294118 -0.813896470588235 0.813896470588235)
(18.7333333333333 -0.817146666666667 0.817146666666667)
(18.8078431372549 -0.820396862745098 0.820396862745098)
(18.8823529411765 -0.823647058823529 0.823647058823529)
(18.956862745098 -0.826897254901961 0.826897254901961)
(19.0313725490196 -0.830147450980392 0.830147450980392)
(19.1058823529412 -0.833397647058823 0.833397647058823)
(19.1803921568627 -0.836647843137255 0.836647843137255)
(19.2549019607843 -0.839898039215686 0.839898039215686)
(19.3294117647059 -0.843148235294118 0.843148235294118)
(19.4039215686274 -0.846398431372549 0.846398431372549)
(19.478431372549 -0.84964862745098 0.84964862745098)
(19.5529411764706 -0.852898823529412 0.852898823529412)
(19.6274509803922 -0.856149019607843 0.856149019607843)
(19.7019607843137 -0.859399215686274 0.859399215686274)
(19.7764705882353 -0.862649411764706 0.862649411764706)
(19.8509803921569 -0.865899607843137 0.865899607843137)
(19.9254901960784 -0.869149803921568 0.869149803921568)
(20 -0.8724 0.8724)
(1 0.0436 0.0436)
(1.07450980392157 0.0468501960784314 0.0468501960784314)
(1.14901960784314 0.0501003921568627 0.0501003921568627)
(1.22352941176471 0.0533505882352941 0.0533505882352941)
(1.29803921568627 0.0566007843137255 0.0566007843137255)
(1.37254901960784 0.0598509803921569 0.0598509803921569)
(1.44705882352941 0.0631011764705882 0.0631011764705882)
(1.52156862745098 0.0663513725490196 0.0663513725490196)
(1.59607843137255 0.069601568627451 0.069601568627451)
(1.67058823529412 0.0728517647058824 0.0728517647058824)
(1.74509803921569 0.0761019607843137 0.0761019607843137)
(1.81960784313725 0.0793521568627451 0.0793521568627451)
(1.89411764705882 0.0826023529411765 0.0826023529411765)
(1.96862745098039 0.0858525490196078 0.0858525490196078)
(2.04313725490196 0.0891027450980392 0.0891027450980392)
(2.11764705882353 0.0923529411764706 0.0923529411764706)
(2.1921568627451 0.095603137254902 0.095603137254902)
(2.26666666666667 0.0988533333333333 0.0988533333333333)
(2.34117647058824 0.102103529411765 0.102103529411765)
(2.4156862745098 0.105353725490196 0.105353725490196)
(2.49019607843137 0.108603921568627 0.108603921568627)
(2.56470588235294 0.111854117647059 0.111854117647059)
(2.63921568627451 0.11510431372549 0.11510431372549)
(2.71372549019608 0.118354509803922 0.118354509803922)
(2.78823529411765 0.121604705882353 0.121604705882353)
(2.86274509803922 0.124854901960784 0.124854901960784)
(2.93725490196078 0.128105098039216 0.128105098039216)
(3.01176470588235 0.131355294117647 0.131355294117647)
(3.08627450980392 0.134605490196078 0.134605490196078)
(3.16078431372549 0.13785568627451 0.13785568627451)
(3.23529411764706 0.141105882352941 0.141105882352941)
(3.30980392156863 0.144356078431373 0.144356078431373)
(3.3843137254902 0.147606274509804 0.147606274509804)
(3.45882352941176 0.150856470588235 0.150856470588235)
(3.53333333333333 0.154106666666667 0.154106666666667)
(3.6078431372549 0.157356862745098 0.157356862745098)
(3.68235294117647 0.160607058823529 0.160607058823529)
(3.75686274509804 0.163857254901961 0.163857254901961)
(3.83137254901961 0.167107450980392 0.167107450980392)
(3.90588235294118 0.170357647058824 0.170357647058824)
(3.98039215686275 0.173607843137255 0.173607843137255)
(4.05490196078431 0.176858039215686 0.176858039215686)
(4.12941176470588 0.180108235294118 0.180108235294118)
(4.20392156862745 0.183358431372549 0.183358431372549)
(4.27843137254902 0.18660862745098 0.18660862745098)
(4.35294117647059 0.189858823529412 0.189858823529412)
(4.42745098039216 0.193109019607843 0.193109019607843)
(4.50196078431373 0.196359215686274 0.196359215686274)
(4.57647058823529 0.199609411764706 0.199609411764706)
(4.65098039215686 0.202859607843137 0.202859607843137)
(4.72549019607843 0.206109803921569 0.206109803921569)
(4.8 0.20936 0.20936)
(4.87450980392157 0.212610196078431 0.212610196078431)
(4.94901960784314 0.215860392156863 0.215860392156863)
(5.02352941176471 0.219110588235294 0.219110588235294)
(5.09803921568628 0.222360784313725 0.222360784313725)
(5.17254901960784 0.225610980392157 0.225610980392157)
(5.24705882352941 0.228861176470588 0.228861176470588)
(5.32156862745098 0.23211137254902 0.23211137254902)
(5.39607843137255 0.235361568627451 0.235361568627451)
(5.47058823529412 0.238611764705882 0.238611764705882)
(5.54509803921569 0.241861960784314 0.241861960784314)
(5.61960784313726 0.245112156862745 0.245112156862745)
(5.69411764705882 0.248362352941176 0.248362352941176)
(5.76862745098039 0.251612549019608 0.251612549019608)
(5.84313725490196 0.254862745098039 0.254862745098039)
(5.91764705882353 0.258112941176471 0.258112941176471)
(5.9921568627451 0.261363137254902 0.261363137254902)
(6.06666666666667 0.264613333333333 0.264613333333333)
(6.14117647058823 0.267863529411765 0.267863529411765)
(6.2156862745098 0.271113725490196 0.271113725490196)
(6.29019607843137 0.274363921568627 0.274363921568627)
(6.36470588235294 0.277614117647059 0.277614117647059)
(6.43921568627451 0.28086431372549 0.28086431372549)
(6.51372549019608 0.284114509803922 0.284114509803922)
(6.58823529411765 0.287364705882353 0.287364705882353)
(6.66274509803922 0.290614901960784 0.290614901960784)
(6.73725490196079 0.293865098039216 0.293865098039216)
(6.81176470588235 0.297115294117647 0.297115294117647)
(6.88627450980392 0.300365490196078 0.300365490196078)
(6.96078431372549 0.30361568627451 0.30361568627451)
(7.03529411764706 0.306865882352941 0.306865882352941)
(7.10980392156863 0.310116078431373 0.310116078431373)
(7.1843137254902 0.313366274509804 0.313366274509804)
(7.25882352941176 0.316616470588235 0.316616470588235)
(7.33333333333333 0.319866666666667 0.319866666666667)
(7.4078431372549 0.323116862745098 0.323116862745098)
(7.48235294117647 0.326367058823529 0.326367058823529)
(7.55686274509804 0.329617254901961 0.329617254901961)
(7.63137254901961 0.332867450980392 0.332867450980392)
(7.70588235294118 0.336117647058824 0.336117647058824)
(7.78039215686275 0.339367843137255 0.339367843137255)
(7.85490196078431 0.342618039215686 0.342618039215686)
(7.92941176470588 0.345868235294118 0.345868235294118)
(8.00392156862745 0.349118431372549 0.349118431372549)
(8.07843137254902 0.35236862745098 0.35236862745098)
(8.15294117647059 0.355618823529412 0.355618823529412)
(8.22745098039216 0.358869019607843 0.358869019607843)
(8.30196078431373 0.362119215686274 0.362119215686274)
(8.37647058823529 0.365369411764706 0.365369411764706)
(8.45098039215686 0.368619607843137 0.368619607843137)
(8.52549019607843 0.371869803921569 0.371869803921569)
(8.6 0.37512 0.37512)
(8.67450980392157 0.378370196078431 0.378370196078431)
(8.74901960784314 0.381620392156863 0.381620392156863)
(8.82352941176471 0.384870588235294 0.384870588235294)
(8.89803921568627 0.388120784313726 0.388120784313726)
(8.97254901960785 0.391370980392157 0.391370980392157)
(9.04705882352941 0.394621176470588 0.394621176470588)
(9.12156862745098 0.39787137254902 0.39787137254902)
(9.19607843137255 0.401121568627451 0.401121568627451)
(9.27058823529412 0.404371764705882 0.404371764705882)
(9.34509803921569 0.407621960784314 0.407621960784314)
(9.41960784313726 0.410872156862745 0.410872156862745)
(9.49411764705883 0.414122352941176 0.414122352941176)
(9.56862745098039 0.417372549019608 0.417372549019608)
(9.64313725490196 0.420622745098039 0.420622745098039)
(9.71764705882353 0.423872941176471 0.423872941176471)
(9.7921568627451 0.427123137254902 0.427123137254902)
(9.86666666666667 0.430373333333333 0.430373333333333)
(9.94117647058824 0.433623529411765 0.433623529411765)
(10.0156862745098 0.436873725490196 0.436873725490196)
(10.0901960784314 0.440123921568627 0.440123921568627)
(10.1647058823529 0.443374117647059 0.443374117647059)
(10.2392156862745 0.44662431372549 0.44662431372549)
(10.3137254901961 0.449874509803921 0.449874509803921)
(10.3882352941176 0.453124705882353 0.453124705882353)
(10.4627450980392 0.456374901960784 0.456374901960784)
(10.5372549019608 0.459625098039216 0.459625098039216)
(10.6117647058824 0.462875294117647 0.462875294117647)
(10.6862745098039 0.466125490196078 0.466125490196078)
(10.7607843137255 0.46937568627451 0.46937568627451)
(10.8352941176471 0.472625882352941 0.472625882352941)
(10.9098039215686 0.475876078431373 0.475876078431373)
(10.9843137254902 0.479126274509804 0.479126274509804)
(11.0588235294118 0.482376470588235 0.482376470588235)
(11.1333333333333 0.485626666666667 0.485626666666667)
(11.2078431372549 0.488876862745098 0.488876862745098)
(11.2823529411765 0.492127058823529 0.492127058823529)
(11.356862745098 0.495377254901961 0.495377254901961)
(11.4313725490196 0.498627450980392 0.498627450980392)
(11.5058823529412 0.501877647058824 0.501877647058824)
(11.5803921568627 0.505127843137255 0.505127843137255)
(11.6549019607843 0.508378039215686 0.508378039215686)
(11.7294117647059 0.511628235294118 0.511628235294118)
(11.8039215686274 0.514878431372549 0.514878431372549)
(11.878431372549 0.51812862745098 0.51812862745098)
(11.9529411764706 0.521378823529412 0.521378823529412)
(12.0274509803922 0.524629019607843 0.524629019607843)
(12.1019607843137 0.527879215686274 0.527879215686274)
(12.1764705882353 0.531129411764706 0.531129411764706)
(12.2509803921569 0.534379607843137 0.534379607843137)
(12.3254901960784 0.537629803921569 0.537629803921569)
(12.4 0.54088 0.54088)
(12.4745098039216 0.544130196078431 0.544130196078431)
(12.5490196078431 0.547380392156863 0.547380392156863)
(12.6235294117647 0.550630588235294 0.550630588235294)
(12.6980392156863 0.553880784313725 0.553880784313725)
(12.7725490196078 0.557130980392157 0.557130980392157)
(12.8470588235294 0.560381176470588 0.560381176470588)
(12.921568627451 0.56363137254902 0.56363137254902)
(12.9960784313725 0.566881568627451 0.566881568627451)
(13.0705882352941 0.570131764705882 0.570131764705882)
(13.1450980392157 0.573381960784314 0.573381960784314)
(13.2196078431373 0.576632156862745 0.576632156862745)
(13.2941176470588 0.579882352941177 0.579882352941177)
(13.3686274509804 0.583132549019608 0.583132549019608)
(13.443137254902 0.586382745098039 0.586382745098039)
(13.5176470588235 0.589632941176471 0.589632941176471)
(13.5921568627451 0.592883137254902 0.592883137254902)
(13.6666666666667 0.596133333333333 0.596133333333333)
(13.7411764705882 0.599383529411765 0.599383529411765)
(13.8156862745098 0.602633725490196 0.602633725490196)
(13.8901960784314 0.605883921568627 0.605883921568627)
(13.9647058823529 0.609134117647059 0.609134117647059)
(14.0392156862745 0.61238431372549 0.61238431372549)
(14.1137254901961 0.615634509803921 0.615634509803921)
(14.1882352941176 0.618884705882353 0.618884705882353)
(14.2627450980392 0.622134901960784 0.622134901960784)
(14.3372549019608 0.625385098039216 0.625385098039216)
(14.4117647058824 0.628635294117647 0.628635294117647)
(14.4862745098039 0.631885490196078 0.631885490196078)
(14.5607843137255 0.63513568627451 0.63513568627451)
(14.6352941176471 0.638385882352941 0.638385882352941)
(14.7098039215686 0.641636078431372 0.641636078431372)
(14.7843137254902 0.644886274509804 0.644886274509804)
(14.8588235294118 0.648136470588235 0.648136470588235)
(14.9333333333333 0.651386666666667 0.651386666666667)
(15.0078431372549 0.654636862745098 0.654636862745098)
(15.0823529411765 0.657887058823529 0.657887058823529)
(15.156862745098 0.661137254901961 0.661137254901961)
(15.2313725490196 0.664387450980392 0.664387450980392)
(15.3058823529412 0.667637647058823 0.667637647058823)
(15.3803921568627 0.670887843137255 0.670887843137255)
(15.4549019607843 0.674138039215686 0.674138039215686)
(15.5294117647059 0.677388235294118 0.677388235294118)
(15.6039215686275 0.680638431372549 0.680638431372549)
(15.678431372549 0.68388862745098 0.68388862745098)
(15.7529411764706 0.687138823529412 0.687138823529412)
(15.8274509803922 0.690389019607843 0.690389019607843)
(15.9019607843137 0.693639215686275 0.693639215686275)
(15.9764705882353 0.696889411764706 0.696889411764706)
(16.0509803921569 0.700139607843137 0.700139607843137)
(16.1254901960784 0.703389803921569 0.703389803921569)
(16.2 0.70664 0.70664)
(16.2745098039216 0.709890196078431 0.709890196078431)
(16.3490196078431 0.713140392156863 0.713140392156863)
(16.4235294117647 0.716390588235294 0.716390588235294)
(16.4980392156863 0.719640784313726 0.719640784313726)
(16.5725490196078 0.722890980392157 0.722890980392157)
(16.6470588235294 0.726141176470588 0.726141176470588)
(16.721568627451 0.72939137254902 0.72939137254902)
(16.7960784313725 0.732641568627451 0.732641568627451)
(16.8705882352941 0.735891764705882 0.735891764705882)
(16.9450980392157 0.739141960784314 0.739141960784314)
(17.0196078431373 0.742392156862745 0.742392156862745)
(17.0941176470588 0.745642352941177 0.745642352941177)
(17.1686274509804 0.748892549019608 0.748892549019608)
(17.243137254902 0.752142745098039 0.752142745098039)
(17.3176470588235 0.755392941176471 0.755392941176471)
(17.3921568627451 0.758643137254902 0.758643137254902)
(17.4666666666667 0.761893333333333 0.761893333333333)
(17.5411764705882 0.765143529411765 0.765143529411765)
(17.6156862745098 0.768393725490196 0.768393725490196)
(17.6901960784314 0.771643921568627 0.771643921568627)
(17.7647058823529 0.774894117647059 0.774894117647059)
(17.8392156862745 0.77814431372549 0.77814431372549)
(17.9137254901961 0.781394509803921 0.781394509803921)
(17.9882352941177 0.784644705882353 0.784644705882353)
(18.0627450980392 0.787894901960784 0.787894901960784)
(18.1372549019608 0.791145098039216 0.791145098039216)
(18.2117647058824 0.794395294117647 0.794395294117647)
(18.2862745098039 0.797645490196078 0.797645490196078)
(18.3607843137255 0.80089568627451 0.80089568627451)
(18.4352941176471 0.804145882352941 0.804145882352941)
(18.5098039215686 0.807396078431372 0.807396078431372)
(18.5843137254902 0.810646274509804 0.810646274509804)
(18.6588235294118 0.813896470588235 0.813896470588235)
(18.7333333333333 0.817146666666667 0.817146666666667)
(18.8078431372549 0.820396862745098 0.820396862745098)
(18.8823529411765 0.823647058823529 0.823647058823529)
(18.956862745098 0.826897254901961 0.826897254901961)
(19.0313725490196 0.830147450980392 0.830147450980392)
(19.1058823529412 0.833397647058823 0.833397647058823)
(19.1803921568627 0.836647843137255 0.836647843137255)
(19.2549019607843 0.839898039215686 0.839898039215686)
(19.3294117647059 0.843148235294118 0.843148235294118)
(19.4039215686274 0.846398431372549 0.846398431372549)
(19.478431372549 0.84964862745098 0.84964862745098)
(19.5529411764706 0.852898823529412 0.852898823529412)
(19.6274509803922 0.856149019607843 0.856149019607843)
(19.7019607843137 0.859399215686274 0.859399215686274)
(19.7764705882353 0.862649411764706 0.862649411764706)
(19.8509803921569 0.865899607843137 0.865899607843137)
(19.9254901960784 0.869149803921569 0.869149803921569)
(20 0.8724 0.8724)
)


// ************************************************************************* //
