/*--------------------------------*- C++ -*----------------------------------*\
| =========                 |                                                 |
| \\      /  F ield         | OpenFOAM: The Open Source CFD Toolbox           |
|  \\    /   O peration     | Version:  v1706                                 |
|   \\  /    A nd           | Web:      www.OpenFOAM.com                      |
|    \\/     M anipulation  |                                                 |
\*---------------------------------------------------------------------------*/
FoamFile
{
    version     2.0;
    format      ascii;
    class       vectorField;
    location    "constant/polyMesh";
    object      points;
}
// * * * * * * * * * * * * * * * * * * * * * * * * * * * * * * * * * * * * * //


1701
(
(-1500 -1200 -1200)
(-1200 -1200 -1200)
(-900 -1200 -1200)
(-600 -1200 -1200)
(-300 -1200 -1200)
(0 -1200 -1200)
(300 -1200 -1200)
(600 -1200 -1200)
(900 -1200 -1200)
(1200 -1200 -1200)
(1500 -1200 -1200)
(1800 -1200 -1200)
(2100 -1200 -1200)
(2400 -1200 -1200)
(2700 -1200 -1200)
(3000 -1200 -1200)
(3300 -1200 -1200)
(3600 -1200 -1200)
(3900 -1200 -1200)
(4200 -1200 -1200)
(4500 -1200 -1200)
(-1500 -900 -1200)
(-1200 -900 -1200)
(-900 -900 -1200)
(-600 -900 -1200)
(-300 -900 -1200)
(0 -900 -1200)
(300 -900 -1200)
(600 -900 -1200)
(900 -900 -1200)
(1200 -900 -1200)
(1500 -900 -1200)
(1800 -900 -1200)
(2100 -900 -1200)
(2400 -900 -1200)
(2700 -900 -1200)
(3000 -900 -1200)
(3300 -900 -1200)
(3600 -900 -1200)
(3900 -900 -1200)
(4200 -900 -1200)
(4500 -900 -1200)
(-1500 -600 -1200)
(-1200 -600 -1200)
(-900 -600 -1200)
(-600 -600 -1200)
(-300 -600 -1200)
(0 -600 -1200)
(300 -600 -1200)
(600 -600 -1200)
(900 -600 -1200)
(1200 -600 -1200)
(1500 -600 -1200)
(1800 -600 -1200)
(2100 -600 -1200)
(2400 -600 -1200)
(2700 -600 -1200)
(3000 -600 -1200)
(3300 -600 -1200)
(3600 -600 -1200)
(3900 -600 -1200)
(4200 -600 -1200)
(4500 -600 -1200)
(-1500 -300 -1200)
(-1200 -300 -1200)
(-900 -300 -1200)
(-600 -300 -1200)
(-300 -300 -1200)
(0 -300 -1200)
(300 -300 -1200)
(600 -300 -1200)
(900 -300 -1200)
(1200 -300 -1200)
(1500 -300 -1200)
(1800 -300 -1200)
(2100 -300 -1200)
(2400 -300 -1200)
(2700 -300 -1200)
(3000 -300 -1200)
(3300 -300 -1200)
(3600 -300 -1200)
(3900 -300 -1200)
(4200 -300 -1200)
(4500 -300 -1200)
(-1500 0 -1200)
(-1200 0 -1200)
(-900 0 -1200)
(-600 0 -1200)
(-300 0 -1200)
(0 0 -1200)
(300 0 -1200)
(600 0 -1200)
(900 0 -1200)
(1200 0 -1200)
(1500 0 -1200)
(1800 -1.1842378929335e-14 -1200)
(2100 0 -1200)
(2400 0 -1200)
(2700 1.1842378929335e-14 -1200)
(3000 0 -1200)
(3300 -1.1842378929335e-14 -1200)
(3600 5.9211894646675e-15 -1200)
(3900 -5.9211894646675e-15 -1200)
(4200 8.88178419700125e-15 -1200)
(4500 0 -1200)
(-1500 300 -1200)
(-1200 300 -1200)
(-900 300 -1200)
(-600 300 -1200)
(-300 300 -1200)
(0 300 -1200)
(300 300 -1200)
(600 300 -1200)
(900 300 -1200)
(1200 300 -1200)
(1500 300 -1200)
(1800 300 -1200)
(2100 300 -1200)
(2400 300 -1200)
(2700 300 -1200)
(3000 300 -1200)
(3300 300 -1200)
(3600 300 -1200)
(3900 300 -1200)
(4200 300 -1200)
(4500 300 -1200)
(-1500 600 -1200)
(-1200 600 -1200)
(-900 600 -1200)
(-600 600 -1200)
(-300 600 -1200)
(0 600 -1200)
(300 600 -1200)
(600 600 -1200)
(900 600 -1200)
(1200 600 -1200)
(1500 600 -1200)
(1800 600 -1200)
(2100 600 -1200)
(2400 600 -1200)
(2700 600 -1200)
(3000 600 -1200)
(3300 600 -1200)
(3600 600 -1200)
(3900 600 -1200)
(4200 600 -1200)
(4500 600 -1200)
(-1500 900 -1200)
(-1200 900 -1200)
(-900 900 -1200)
(-600 900 -1200)
(-300 900 -1200)
(0 900 -1200)
(300 900 -1200)
(600 900 -1200)
(900 900 -1200)
(1200 900 -1200)
(1500 900 -1200)
(1800 900 -1200)
(2100 900 -1200)
(2400 900 -1200)
(2700 900 -1200)
(3000 900 -1200)
(3300 900 -1200)
(3600 900 -1200)
(3900 900 -1200)
(4200 900 -1200)
(4500 900 -1200)
(-1500 1200 -1200)
(-1200 1200 -1200)
(-900 1200 -1200)
(-600 1200 -1200)
(-300 1200 -1200)
(0 1200 -1200)
(300 1200 -1200)
(600 1200 -1200)
(900 1200 -1200)
(1200 1200 -1200)
(1500 1200 -1200)
(1800 1200 -1200)
(2100 1200 -1200)
(2400 1200 -1200)
(2700 1200 -1200)
(3000 1200 -1200)
(3300 1200 -1200)
(3600 1200 -1200)
(3900 1200 -1200)
(4200 1200 -1200)
(4500 1200 -1200)
(-1500 -1200 -900)
(-1200 -1200 -900)
(-900 -1200 -900)
(-600 -1200 -900)
(-300 -1200 -900)
(0 -1200 -900)
(300 -1200 -900)
(600 -1200 -900)
(900 -1200 -900)
(1200 -1200 -900)
(1500 -1200 -900)
(1800 -1200 -900)
(2100 -1200 -900)
(2400 -1200 -900)
(2700 -1200 -900)
(3000 -1200 -900)
(3300 -1200 -900)
(3600 -1200 -900)
(3900 -1200 -900)
(4200 -1200 -900)
(4500 -1200 -900)
(-1500 -900 -900)
(-1200 -900 -900)
(-900 -900 -900)
(-600 -900 -900)
(-300 -900 -900)
(0 -900 -900)
(300 -900 -900)
(600 -900 -900)
(900 -900 -900)
(1200 -900 -900)
(1500 -900 -900)
(1800 -900 -900)
(2100 -900 -900)
(2400 -900 -900)
(2700 -900 -900)
(3000 -900 -900)
(3300 -900 -900)
(3600 -900 -900)
(3900 -900 -900)
(4200 -900 -900)
(4500 -900 -900)
(-1500 -600 -900)
(-1200 -600 -900)
(-900 -600 -900)
(-600 -600 -900)
(-300 -600 -900)
(0 -600 -900)
(300 -600 -900)
(600 -600 -900)
(900 -600 -900)
(1200 -600 -900)
(1500 -600 -900)
(1800 -600 -900)
(2100 -600 -900)
(2400 -600 -900)
(2700 -600 -900)
(3000 -600 -900)
(3300 -600 -900)
(3600 -600 -900)
(3900 -600 -900)
(4200 -600 -900)
(4500 -600 -900)
(-1500 -300 -900)
(-1200 -300 -900)
(-900 -300 -900)
(-600 -300 -900)
(-300 -300 -900)
(0 -300 -900)
(300 -300 -900)
(600 -300 -900)
(900 -300 -900)
(1200 -300 -900)
(1500 -300 -900)
(1800 -300 -900)
(2100 -300 -900)
(2400 -300 -900)
(2700 -300 -900)
(3000 -300 -900)
(3300 -300 -900)
(3600 -300 -900)
(3900 -300 -900)
(4200 -300 -900)
(4500 -300 -900)
(-1500 0 -900)
(-1200 0 -900)
(-900 0 -900)
(-600 0 -900)
(-300 0 -900)
(0 0 -900)
(300 0 -900)
(600 0 -900)
(900 0 -900)
(1200 0 -900)
(1500 0 -900)
(1800 -1.1842378929335e-14 -900)
(2100 0 -900)
(2400 0 -900)
(2700 1.1842378929335e-14 -900)
(3000 0 -900)
(3300 -1.1842378929335e-14 -900)
(3600 5.9211894646675e-15 -900)
(3900 -5.9211894646675e-15 -900)
(4200 8.88178419700125e-15 -900)
(4500 0 -900)
(-1500 300 -900)
(-1200 300 -900)
(-900 300 -900)
(-600 300 -900)
(-300 300 -900)
(0 300 -900)
(300 300 -900)
(600 300 -900)
(900 300 -900)
(1200 300 -900)
(1500 300 -900)
(1800 300 -900)
(2100 300 -900)
(2400 300 -900)
(2700 300 -900)
(3000 300 -900)
(3300 300 -900)
(3600 300 -900)
(3900 300 -900)
(4200 300 -900)
(4500 300 -900)
(-1500 600 -900)
(-1200 600 -900)
(-900 600 -900)
(-600 600 -900)
(-300 600 -900)
(0 600 -900)
(300 600 -900)
(600 600 -900)
(900 600 -900)
(1200 600 -900)
(1500 600 -900)
(1800 600 -900)
(2100 600 -900)
(2400 600 -900)
(2700 600 -900)
(3000 600 -900)
(3300 600 -900)
(3600 600 -900)
(3900 600 -900)
(4200 600 -900)
(4500 600 -900)
(-1500 900 -900)
(-1200 900 -900)
(-900 900 -900)
(-600 900 -900)
(-300 900 -900)
(0 900 -900)
(300 900 -900)
(600 900 -900)
(900 900 -900)
(1200 900 -900)
(1500 900 -900)
(1800 900 -900)
(2100 900 -900)
(2400 900 -900)
(2700 900 -900)
(3000 900 -900)
(3300 900 -900)
(3600 900 -900)
(3900 900 -900)
(4200 900 -900)
(4500 900 -900)
(-1500 1200 -900)
(-1200 1200 -900)
(-900 1200 -900)
(-600 1200 -900)
(-300 1200 -900)
(0 1200 -900)
(300 1200 -900)
(600 1200 -900)
(900 1200 -900)
(1200 1200 -900)
(1500 1200 -900)
(1800 1200 -900)
(2100 1200 -900)
(2400 1200 -900)
(2700 1200 -900)
(3000 1200 -900)
(3300 1200 -900)
(3600 1200 -900)
(3900 1200 -900)
(4200 1200 -900)
(4500 1200 -900)
(-1500 -1200 -600)
(-1200 -1200 -600)
(-900 -1200 -600)
(-600 -1200 -600)
(-300 -1200 -600)
(0 -1200 -600)
(300 -1200 -600)
(600 -1200 -600)
(900 -1200 -600)
(1200 -1200 -600)
(1500 -1200 -600)
(1800 -1200 -600)
(2100 -1200 -600)
(2400 -1200 -600)
(2700 -1200 -600)
(3000 -1200 -600)
(3300 -1200 -600)
(3600 -1200 -600)
(3900 -1200 -600)
(4200 -1200 -600)
(4500 -1200 -600)
(-1500 -900 -600)
(-1200 -900 -600)
(-900 -900 -600)
(-600 -900 -600)
(-300 -900 -600)
(0 -900 -600)
(300 -900 -600)
(600 -900 -600)
(900 -900 -600)
(1200 -900 -600)
(1500 -900 -600)
(1800 -900 -600)
(2100 -900 -600)
(2400 -900 -600)
(2700 -900 -600)
(3000 -900 -600)
(3300 -900 -600)
(3600 -900 -600)
(3900 -900 -600)
(4200 -900 -600)
(4500 -900 -600)
(-1500 -600 -600)
(-1200 -600 -600)
(-900 -600 -600)
(-600 -600 -600)
(-300 -600 -600)
(0 -600 -600)
(300 -600 -600)
(600 -600 -600)
(900 -600 -600)
(1200 -600 -600)
(1500 -600 -600)
(1800 -600 -600)
(2100 -600 -600)
(2400 -600 -600)
(2700 -600 -600)
(3000 -600 -600)
(3300 -600 -600)
(3600 -600 -600)
(3900 -600 -600)
(4200 -600 -600)
(4500 -600 -600)
(-1500 -300 -600)
(-1200 -300 -600)
(-900 -300 -600)
(-600 -300 -600)
(-300 -300 -600)
(0 -300 -600)
(300 -300 -600)
(600 -300 -600)
(900 -300 -600)
(1200 -300 -600)
(1500 -300 -600)
(1800 -300 -600)
(2100 -300 -600)
(2400 -300 -600)
(2700 -300 -600)
(3000 -300 -600)
(3300 -300 -600)
(3600 -300 -600)
(3900 -300 -600)
(4200 -300 -600)
(4500 -300 -600)
(-1500 0 -600)
(-1200 0 -600)
(-900 0 -600)
(-600 0 -600)
(-300 0 -600)
(0 0 -600)
(300 0 -600)
(600 0 -600)
(900 0 -600)
(1200 0 -600)
(1500 0 -600)
(1800 -1.1842378929335e-14 -600)
(2100 0 -600)
(2400 0 -600)
(2700 1.1842378929335e-14 -600)
(3000 0 -600)
(3300 -1.1842378929335e-14 -600)
(3600 5.9211894646675e-15 -600)
(3900 -5.9211894646675e-15 -600)
(4200 8.88178419700125e-15 -600)
(4500 0 -600)
(-1500 300 -600)
(-1200 300 -600)
(-900 300 -600)
(-600 300 -600)
(-300 300 -600)
(0 300 -600)
(300 300 -600)
(600 300 -600)
(900 300 -600)
(1200 300 -600)
(1500 300 -600)
(1800 300 -600)
(2100 300 -600)
(2400 300 -600)
(2700 300 -600)
(3000 300 -600)
(3300 300 -600)
(3600 300 -600)
(3900 300 -600)
(4200 300 -600)
(4500 300 -600)
(-1500 600 -600)
(-1200 600 -600)
(-900 600 -600)
(-600 600 -600)
(-300 600 -600)
(0 600 -600)
(300 600 -600)
(600 600 -600)
(900 600 -600)
(1200 600 -600)
(1500 600 -600)
(1800 600 -600)
(2100 600 -600)
(2400 600 -600)
(2700 600 -600)
(3000 600 -600)
(3300 600 -600)
(3600 600 -600)
(3900 600 -600)
(4200 600 -600)
(4500 600 -600)
(-1500 900 -600)
(-1200 900 -600)
(-900 900 -600)
(-600 900 -600)
(-300 900 -600)
(0 900 -600)
(300 900 -600)
(600 900 -600)
(900 900 -600)
(1200 900 -600)
(1500 900 -600)
(1800 900 -600)
(2100 900 -600)
(2400 900 -600)
(2700 900 -600)
(3000 900 -600)
(3300 900 -600)
(3600 900 -600)
(3900 900 -600)
(4200 900 -600)
(4500 900 -600)
(-1500 1200 -600)
(-1200 1200 -600)
(-900 1200 -600)
(-600 1200 -600)
(-300 1200 -600)
(0 1200 -600)
(300 1200 -600)
(600 1200 -600)
(900 1200 -600)
(1200 1200 -600)
(1500 1200 -600)
(1800 1200 -600)
(2100 1200 -600)
(2400 1200 -600)
(2700 1200 -600)
(3000 1200 -600)
(3300 1200 -600)
(3600 1200 -600)
(3900 1200 -600)
(4200 1200 -600)
(4500 1200 -600)
(-1500 -1200 -300)
(-1200 -1200 -300)
(-900 -1200 -300)
(-600 -1200 -300)
(-300 -1200 -300)
(0 -1200 -300)
(300 -1200 -300)
(600 -1200 -300)
(900 -1200 -300)
(1200 -1200 -300)
(1500 -1200 -300)
(1800 -1200 -300)
(2100 -1200 -300)
(2400 -1200 -300)
(2700 -1200 -300)
(3000 -1200 -300)
(3300 -1200 -300)
(3600 -1200 -300)
(3900 -1200 -300)
(4200 -1200 -300)
(4500 -1200 -300)
(-1500 -900 -300)
(-1200 -900 -300)
(-900 -900 -300)
(-600 -900 -300)
(-300 -900 -300)
(0 -900 -300)
(300 -900 -300)
(600 -900 -300)
(900 -900 -300)
(1200 -900 -300)
(1500 -900 -300)
(1800 -900 -300)
(2100 -900 -300)
(2400 -900 -300)
(2700 -900 -300)
(3000 -900 -300)
(3300 -900 -300)
(3600 -900 -300)
(3900 -900 -300)
(4200 -900 -300)
(4500 -900 -300)
(-1500 -600 -300)
(-1200 -600 -300)
(-900 -600 -300)
(-600 -600 -300)
(-300 -600 -300)
(0 -600 -300)
(300 -600 -300)
(600 -600 -300)
(900 -600 -300)
(1200 -600 -300)
(1500 -600 -300)
(1800 -600 -300)
(2100 -600 -300)
(2400 -600 -300)
(2700 -600 -300)
(3000 -600 -300)
(3300 -600 -300)
(3600 -600 -300)
(3900 -600 -300)
(4200 -600 -300)
(4500 -600 -300)
(-1500 -300 -300)
(-1200 -300 -300)
(-900 -300 -300)
(-600 -300 -300)
(-300 -300 -300)
(0 -300 -300)
(300 -300 -300)
(600 -300 -300)
(900 -300 -300)
(1200 -300 -300)
(1500 -300 -300)
(1800 -300 -300)
(2100 -300 -300)
(2400 -300 -300)
(2700 -300 -300)
(3000 -300 -300)
(3300 -300 -300)
(3600 -300 -300)
(3900 -300 -300)
(4200 -300 -300)
(4500 -300 -300)
(-1500 0 -300)
(-1200 0 -300)
(-900 0 -300)
(-600 0 -300)
(-300 0 -300)
(0 0 -300)
(300 0 -300)
(600 0 -300)
(900 0 -300)
(1200 0 -300)
(1500 0 -300)
(1800 -1.1842378929335e-14 -300)
(2100 0 -300)
(2400 0 -300)
(2700 1.1842378929335e-14 -300)
(3000 0 -300)
(3300 -1.1842378929335e-14 -300)
(3600 5.9211894646675e-15 -300)
(3900 -5.9211894646675e-15 -300)
(4200 8.88178419700125e-15 -300)
(4500 0 -300)
(-1500 300 -300)
(-1200 300 -300)
(-900 300 -300)
(-600 300 -300)
(-300 300 -300)
(0 300 -300)
(300 300 -300)
(600 300 -300)
(900 300 -300)
(1200 300 -300)
(1500 300 -300)
(1800 300 -300)
(2100 300 -300)
(2400 300 -300)
(2700 300 -300)
(3000 300 -300)
(3300 300 -300)
(3600 300 -300)
(3900 300 -300)
(4200 300 -300)
(4500 300 -300)
(-1500 600 -300)
(-1200 600 -300)
(-900 600 -300)
(-600 600 -300)
(-300 600 -300)
(0 600 -300)
(300 600 -300)
(600 600 -300)
(900 600 -300)
(1200 600 -300)
(1500 600 -300)
(1800 600 -300)
(2100 600 -300)
(2400 600 -300)
(2700 600 -300)
(3000 600 -300)
(3300 600 -300)
(3600 600 -300)
(3900 600 -300)
(4200 600 -300)
(4500 600 -300)
(-1500 900 -300)
(-1200 900 -300)
(-900 900 -300)
(-600 900 -300)
(-300 900 -300)
(0 900 -300)
(300 900 -300)
(600 900 -300)
(900 900 -300)
(1200 900 -300)
(1500 900 -300)
(1800 900 -300)
(2100 900 -300)
(2400 900 -300)
(2700 900 -300)
(3000 900 -300)
(3300 900 -300)
(3600 900 -300)
(3900 900 -300)
(4200 900 -300)
(4500 900 -300)
(-1500 1200 -300)
(-1200 1200 -300)
(-900 1200 -300)
(-600 1200 -300)
(-300 1200 -300)
(0 1200 -300)
(300 1200 -300)
(600 1200 -300)
(900 1200 -300)
(1200 1200 -300)
(1500 1200 -300)
(1800 1200 -300)
(2100 1200 -300)
(2400 1200 -300)
(2700 1200 -300)
(3000 1200 -300)
(3300 1200 -300)
(3600 1200 -300)
(3900 1200 -300)
(4200 1200 -300)
(4500 1200 -300)
(-1500 -1200 0)
(-1200 -1200 0)
(-900 -1200 0)
(-600 -1200 0)
(-300 -1200 0)
(0 -1200 0)
(300 -1200 0)
(600 -1200 0)
(900 -1200 0)
(1200 -1200 0)
(1500 -1200 0)
(1800 -1200 -1.1842378929335e-14)
(2100 -1200 0)
(2400 -1200 0)
(2700 -1200 1.1842378929335e-14)
(3000 -1200 0)
(3300 -1200 -1.1842378929335e-14)
(3600 -1200 5.9211894646675e-15)
(3900 -1200 -5.9211894646675e-15)
(4200 -1200 8.88178419700125e-15)
(4500 -1200 0)
(-1500 -900 0)
(-1200 -900 0)
(-900 -900 0)
(-600 -900 0)
(-300 -900 0)
(0 -900 0)
(300 -900 0)
(600 -900 0)
(900 -900 0)
(1200 -900 0)
(1500 -900 0)
(1800 -900 -1.1842378929335e-14)
(2100 -900 0)
(2400 -900 0)
(2700 -900 1.1842378929335e-14)
(3000 -900 0)
(3300 -900 -1.1842378929335e-14)
(3600 -900 5.9211894646675e-15)
(3900 -900 -5.9211894646675e-15)
(4200 -900 8.88178419700125e-15)
(4500 -900 0)
(-1500 -600 0)
(-1200 -600 0)
(-900 -600 0)
(-600 -600 0)
(-300 -600 0)
(0 -600 0)
(300 -600 0)
(600 -600 0)
(900 -600 0)
(1200 -600 0)
(1500 -600 0)
(1800 -600 -1.1842378929335e-14)
(2100 -600 0)
(2400 -600 0)
(2700 -600 1.1842378929335e-14)
(3000 -600 0)
(3300 -600 -1.1842378929335e-14)
(3600 -600 5.9211894646675e-15)
(3900 -600 -5.9211894646675e-15)
(4200 -600 8.88178419700125e-15)
(4500 -600 0)
(-1500 -300 0)
(-1200 -300 0)
(-900 -300 0)
(-600 -300 0)
(-300 -300 0)
(0 -300 0)
(300 -300 0)
(600 -300 0)
(900 -300 0)
(1200 -300 0)
(1500 -300 0)
(1800 -300 -1.1842378929335e-14)
(2100 -300 0)
(2400 -300 0)
(2700 -300 1.1842378929335e-14)
(3000 -300 0)
(3300 -300 -1.1842378929335e-14)
(3600 -300 5.9211894646675e-15)
(3900 -300 -5.9211894646675e-15)
(4200 -300 8.88178419700125e-15)
(4500 -300 0)
(-1500 0 0)
(-1200 0 0)
(-900 0 0)
(-600 0 0)
(-300 0 0)
(0 0 0)
(300 0 0)
(600 0 0)
(900 0 0)
(1200 0 0)
(1500 0 0)
(1800 -1.1842378929335e-14 -1.1842378929335e-14)
(2100 0 0)
(2400 0 0)
(2700 1.1842378929335e-14 1.1842378929335e-14)
(3000 0 0)
(3300 -1.1842378929335e-14 -1.1842378929335e-14)
(3600 5.9211894646675e-15 5.9211894646675e-15)
(3900 -5.9211894646675e-15 -5.9211894646675e-15)
(4200 8.88178419700125e-15 8.88178419700125e-15)
(4500 0 0)
(-1500 300 0)
(-1200 300 0)
(-900 300 0)
(-600 300 0)
(-300 300 0)
(0 300 0)
(300 300 0)
(600 300 0)
(900 300 0)
(1200 300 0)
(1500 300 0)
(1800 300 -1.1842378929335e-14)
(2100 300 0)
(2400 300 0)
(2700 300 1.1842378929335e-14)
(3000 300 0)
(3300 300 -1.1842378929335e-14)
(3600 300 5.9211894646675e-15)
(3900 300 -5.9211894646675e-15)
(4200 300 8.88178419700125e-15)
(4500 300 0)
(-1500 600 0)
(-1200 600 0)
(-900 600 0)
(-600 600 0)
(-300 600 0)
(0 600 0)
(300 600 0)
(600 600 0)
(900 600 0)
(1200 600 0)
(1500 600 0)
(1800 600 -1.1842378929335e-14)
(2100 600 0)
(2400 600 0)
(2700 600 1.1842378929335e-14)
(3000 600 0)
(3300 600 -1.1842378929335e-14)
(3600 600 5.9211894646675e-15)
(3900 600 -5.9211894646675e-15)
(4200 600 8.88178419700125e-15)
(4500 600 0)
(-1500 900 0)
(-1200 900 0)
(-900 900 0)
(-600 900 0)
(-300 900 0)
(0 900 0)
(300 900 0)
(600 900 0)
(900 900 0)
(1200 900 0)
(1500 900 0)
(1800 900 -1.1842378929335e-14)
(2100 900 0)
(2400 900 0)
(2700 900 1.1842378929335e-14)
(3000 900 0)
(3300 900 -1.1842378929335e-14)
(3600 900 5.9211894646675e-15)
(3900 900 -5.9211894646675e-15)
(4200 900 8.88178419700125e-15)
(4500 900 0)
(-1500 1200 0)
(-1200 1200 0)
(-900 1200 0)
(-600 1200 0)
(-300 1200 0)
(0 1200 0)
(300 1200 0)
(600 1200 0)
(900 1200 0)
(1200 1200 0)
(1500 1200 0)
(1800 1200 -1.1842378929335e-14)
(2100 1200 0)
(2400 1200 0)
(2700 1200 1.1842378929335e-14)
(3000 1200 0)
(3300 1200 -1.1842378929335e-14)
(3600 1200 5.9211894646675e-15)
(3900 1200 -5.9211894646675e-15)
(4200 1200 8.88178419700125e-15)
(4500 1200 0)
(-1500 -1200 300)
(-1200 -1200 300)
(-900 -1200 300)
(-600 -1200 300)
(-300 -1200 300)
(0 -1200 300)
(300 -1200 300)
(600 -1200 300)
(900 -1200 300)
(1200 -1200 300)
(1500 -1200 300)
(1800 -1200 300)
(2100 -1200 300)
(2400 -1200 300)
(2700 -1200 300)
(3000 -1200 300)
(3300 -1200 300)
(3600 -1200 300)
(3900 -1200 300)
(4200 -1200 300)
(4500 -1200 300)
(-1500 -900 300)
(-1200 -900 300)
(-900 -900 300)
(-600 -900 300)
(-300 -900 300)
(0 -900 300)
(300 -900 300)
(600 -900 300)
(900 -900 300)
(1200 -900 300)
(1500 -900 300)
(1800 -900 300)
(2100 -900 300)
(2400 -900 300)
(2700 -900 300)
(3000 -900 300)
(3300 -900 300)
(3600 -900 300)
(3900 -900 300)
(4200 -900 300)
(4500 -900 300)
(-1500 -600 300)
(-1200 -600 300)
(-900 -600 300)
(-600 -600 300)
(-300 -600 300)
(0 -600 300)
(300 -600 300)
(600 -600 300)
(900 -600 300)
(1200 -600 300)
(1500 -600 300)
(1800 -600 300)
(2100 -600 300)
(2400 -600 300)
(2700 -600 300)
(3000 -600 300)
(3300 -600 300)
(3600 -600 300)
(3900 -600 300)
(4200 -600 300)
(4500 -600 300)
(-1500 -300 300)
(-1200 -300 300)
(-900 -300 300)
(-600 -300 300)
(-300 -300 300)
(0 -300 300)
(300 -300 300)
(600 -300 300)
(900 -300 300)
(1200 -300 300)
(1500 -300 300)
(1800 -300 300)
(2100 -300 300)
(2400 -300 300)
(2700 -300 300)
(3000 -300 300)
(3300 -300 300)
(3600 -300 300)
(3900 -300 300)
(4200 -300 300)
(4500 -300 300)
(-1500 0 300)
(-1200 0 300)
(-900 0 300)
(-600 0 300)
(-300 0 300)
(0 0 300)
(300 0 300)
(600 0 300)
(900 0 300)
(1200 0 300)
(1500 0 300)
(1800 -1.1842378929335e-14 300)
(2100 0 300)
(2400 0 300)
(2700 1.1842378929335e-14 300)
(3000 0 300)
(3300 -1.1842378929335e-14 300)
(3600 5.9211894646675e-15 300)
(3900 -5.9211894646675e-15 300)
(4200 8.88178419700125e-15 300)
(4500 0 300)
(-1500 300 300)
(-1200 300 300)
(-900 300 300)
(-600 300 300)
(-300 300 300)
(0 300 300)
(300 300 300)
(600 300 300)
(900 300 300)
(1200 300 300)
(1500 300 300)
(1800 300 300)
(2100 300 300)
(2400 300 300)
(2700 300 300)
(3000 300 300)
(3300 300 300)
(3600 300 300)
(3900 300 300)
(4200 300 300)
(4500 300 300)
(-1500 600 300)
(-1200 600 300)
(-900 600 300)
(-600 600 300)
(-300 600 300)
(0 600 300)
(300 600 300)
(600 600 300)
(900 600 300)
(1200 600 300)
(1500 600 300)
(1800 600 300)
(2100 600 300)
(2400 600 300)
(2700 600 300)
(3000 600 300)
(3300 600 300)
(3600 600 300)
(3900 600 300)
(4200 600 300)
(4500 600 300)
(-1500 900 300)
(-1200 900 300)
(-900 900 300)
(-600 900 300)
(-300 900 300)
(0 900 300)
(300 900 300)
(600 900 300)
(900 900 300)
(1200 900 300)
(1500 900 300)
(1800 900 300)
(2100 900 300)
(2400 900 300)
(2700 900 300)
(3000 900 300)
(3300 900 300)
(3600 900 300)
(3900 900 300)
(4200 900 300)
(4500 900 300)
(-1500 1200 300)
(-1200 1200 300)
(-900 1200 300)
(-600 1200 300)
(-300 1200 300)
(0 1200 300)
(300 1200 300)
(600 1200 300)
(900 1200 300)
(1200 1200 300)
(1500 1200 300)
(1800 1200 300)
(2100 1200 300)
(2400 1200 300)
(2700 1200 300)
(3000 1200 300)
(3300 1200 300)
(3600 1200 300)
(3900 1200 300)
(4200 1200 300)
(4500 1200 300)
(-1500 -1200 600)
(-1200 -1200 600)
(-900 -1200 600)
(-600 -1200 600)
(-300 -1200 600)
(0 -1200 600)
(300 -1200 600)
(600 -1200 600)
(900 -1200 600)
(1200 -1200 600)
(1500 -1200 600)
(1800 -1200 600)
(2100 -1200 600)
(2400 -1200 600)
(2700 -1200 600)
(3000 -1200 600)
(3300 -1200 600)
(3600 -1200 600)
(3900 -1200 600)
(4200 -1200 600)
(4500 -1200 600)
(-1500 -900 600)
(-1200 -900 600)
(-900 -900 600)
(-600 -900 600)
(-300 -900 600)
(0 -900 600)
(300 -900 600)
(600 -900 600)
(900 -900 600)
(1200 -900 600)
(1500 -900 600)
(1800 -900 600)
(2100 -900 600)
(2400 -900 600)
(2700 -900 600)
(3000 -900 600)
(3300 -900 600)
(3600 -900 600)
(3900 -900 600)
(4200 -900 600)
(4500 -900 600)
(-1500 -600 600)
(-1200 -600 600)
(-900 -600 600)
(-600 -600 600)
(-300 -600 600)
(0 -600 600)
(300 -600 600)
(600 -600 600)
(900 -600 600)
(1200 -600 600)
(1500 -600 600)
(1800 -600 600)
(2100 -600 600)
(2400 -600 600)
(2700 -600 600)
(3000 -600 600)
(3300 -600 600)
(3600 -600 600)
(3900 -600 600)
(4200 -600 600)
(4500 -600 600)
(-1500 -300 600)
(-1200 -300 600)
(-900 -300 600)
(-600 -300 600)
(-300 -300 600)
(0 -300 600)
(300 -300 600)
(600 -300 600)
(900 -300 600)
(1200 -300 600)
(1500 -300 600)
(1800 -300 600)
(2100 -300 600)
(2400 -300 600)
(2700 -300 600)
(3000 -300 600)
(3300 -300 600)
(3600 -300 600)
(3900 -300 600)
(4200 -300 600)
(4500 -300 600)
(-1500 0 600)
(-1200 0 600)
(-900 0 600)
(-600 0 600)
(-300 0 600)
(0 0 600)
(300 0 600)
(600 0 600)
(900 0 600)
(1200 0 600)
(1500 0 600)
(1800 -1.1842378929335e-14 600)
(2100 0 600)
(2400 0 600)
(2700 1.1842378929335e-14 600)
(3000 0 600)
(3300 -1.1842378929335e-14 600)
(3600 5.9211894646675e-15 600)
(3900 -5.9211894646675e-15 600)
(4200 8.88178419700125e-15 600)
(4500 0 600)
(-1500 300 600)
(-1200 300 600)
(-900 300 600)
(-600 300 600)
(-300 300 600)
(0 300 600)
(300 300 600)
(600 300 600)
(900 300 600)
(1200 300 600)
(1500 300 600)
(1800 300 600)
(2100 300 600)
(2400 300 600)
(2700 300 600)
(3000 300 600)
(3300 300 600)
(3600 300 600)
(3900 300 600)
(4200 300 600)
(4500 300 600)
(-1500 600 600)
(-1200 600 600)
(-900 600 600)
(-600 600 600)
(-300 600 600)
(0 600 600)
(300 600 600)
(600 600 600)
(900 600 600)
(1200 600 600)
(1500 600 600)
(1800 600 600)
(2100 600 600)
(2400 600 600)
(2700 600 600)
(3000 600 600)
(3300 600 600)
(3600 600 600)
(3900 600 600)
(4200 600 600)
(4500 600 600)
(-1500 900 600)
(-1200 900 600)
(-900 900 600)
(-600 900 600)
(-300 900 600)
(0 900 600)
(300 900 600)
(600 900 600)
(900 900 600)
(1200 900 600)
(1500 900 600)
(1800 900 600)
(2100 900 600)
(2400 900 600)
(2700 900 600)
(3000 900 600)
(3300 900 600)
(3600 900 600)
(3900 900 600)
(4200 900 600)
(4500 900 600)
(-1500 1200 600)
(-1200 1200 600)
(-900 1200 600)
(-600 1200 600)
(-300 1200 600)
(0 1200 600)
(300 1200 600)
(600 1200 600)
(900 1200 600)
(1200 1200 600)
(1500 1200 600)
(1800 1200 600)
(2100 1200 600)
(2400 1200 600)
(2700 1200 600)
(3000 1200 600)
(3300 1200 600)
(3600 1200 600)
(3900 1200 600)
(4200 1200 600)
(4500 1200 600)
(-1500 -1200 900)
(-1200 -1200 900)
(-900 -1200 900)
(-600 -1200 900)
(-300 -1200 900)
(0 -1200 900)
(300 -1200 900)
(600 -1200 900)
(900 -1200 900)
(1200 -1200 900)
(1500 -1200 900)
(1800 -1200 900)
(2100 -1200 900)
(2400 -1200 900)
(2700 -1200 900)
(3000 -1200 900)
(3300 -1200 900)
(3600 -1200 900)
(3900 -1200 900)
(4200 -1200 900)
(4500 -1200 900)
(-1500 -900 900)
(-1200 -900 900)
(-900 -900 900)
(-600 -900 900)
(-300 -900 900)
(0 -900 900)
(300 -900 900)
(600 -900 900)
(900 -900 900)
(1200 -900 900)
(1500 -900 900)
(1800 -900 900)
(2100 -900 900)
(2400 -900 900)
(2700 -900 900)
(3000 -900 900)
(3300 -900 900)
(3600 -900 900)
(3900 -900 900)
(4200 -900 900)
(4500 -900 900)
(-1500 -600 900)
(-1200 -600 900)
(-900 -600 900)
(-600 -600 900)
(-300 -600 900)
(0 -600 900)
(300 -600 900)
(600 -600 900)
(900 -600 900)
(1200 -600 900)
(1500 -600 900)
(1800 -600 900)
(2100 -600 900)
(2400 -600 900)
(2700 -600 900)
(3000 -600 900)
(3300 -600 900)
(3600 -600 900)
(3900 -600 900)
(4200 -600 900)
(4500 -600 900)
(-1500 -300 900)
(-1200 -300 900)
(-900 -300 900)
(-600 -300 900)
(-300 -300 900)
(0 -300 900)
(300 -300 900)
(600 -300 900)
(900 -300 900)
(1200 -300 900)
(1500 -300 900)
(1800 -300 900)
(2100 -300 900)
(2400 -300 900)
(2700 -300 900)
(3000 -300 900)
(3300 -300 900)
(3600 -300 900)
(3900 -300 900)
(4200 -300 900)
(4500 -300 900)
(-1500 0 900)
(-1200 0 900)
(-900 0 900)
(-600 0 900)
(-300 0 900)
(0 0 900)
(300 0 900)
(600 0 900)
(900 0 900)
(1200 0 900)
(1500 0 900)
(1800 -1.1842378929335e-14 900)
(2100 0 900)
(2400 0 900)
(2700 1.1842378929335e-14 900)
(3000 0 900)
(3300 -1.1842378929335e-14 900)
(3600 5.9211894646675e-15 900)
(3900 -5.9211894646675e-15 900)
(4200 8.88178419700125e-15 900)
(4500 0 900)
(-1500 300 900)
(-1200 300 900)
(-900 300 900)
(-600 300 900)
(-300 300 900)
(0 300 900)
(300 300 900)
(600 300 900)
(900 300 900)
(1200 300 900)
(1500 300 900)
(1800 300 900)
(2100 300 900)
(2400 300 900)
(2700 300 900)
(3000 300 900)
(3300 300 900)
(3600 300 900)
(3900 300 900)
(4200 300 900)
(4500 300 900)
(-1500 600 900)
(-1200 600 900)
(-900 600 900)
(-600 600 900)
(-300 600 900)
(0 600 900)
(300 600 900)
(600 600 900)
(900 600 900)
(1200 600 900)
(1500 600 900)
(1800 600 900)
(2100 600 900)
(2400 600 900)
(2700 600 900)
(3000 600 900)
(3300 600 900)
(3600 600 900)
(3900 600 900)
(4200 600 900)
(4500 600 900)
(-1500 900 900)
(-1200 900 900)
(-900 900 900)
(-600 900 900)
(-300 900 900)
(0 900 900)
(300 900 900)
(600 900 900)
(900 900 900)
(1200 900 900)
(1500 900 900)
(1800 900 900)
(2100 900 900)
(2400 900 900)
(2700 900 900)
(3000 900 900)
(3300 900 900)
(3600 900 900)
(3900 900 900)
(4200 900 900)
(4500 900 900)
(-1500 1200 900)
(-1200 1200 900)
(-900 1200 900)
(-600 1200 900)
(-300 1200 900)
(0 1200 900)
(300 1200 900)
(600 1200 900)
(900 1200 900)
(1200 1200 900)
(1500 1200 900)
(1800 1200 900)
(2100 1200 900)
(2400 1200 900)
(2700 1200 900)
(3000 1200 900)
(3300 1200 900)
(3600 1200 900)
(3900 1200 900)
(4200 1200 900)
(4500 1200 900)
(-1500 -1200 1200)
(-1200 -1200 1200)
(-900 -1200 1200)
(-600 -1200 1200)
(-300 -1200 1200)
(0 -1200 1200)
(300 -1200 1200)
(600 -1200 1200)
(900 -1200 1200)
(1200 -1200 1200)
(1500 -1200 1200)
(1800 -1200 1200)
(2100 -1200 1200)
(2400 -1200 1200)
(2700 -1200 1200)
(3000 -1200 1200)
(3300 -1200 1200)
(3600 -1200 1200)
(3900 -1200 1200)
(4200 -1200 1200)
(4500 -1200 1200)
(-1500 -900 1200)
(-1200 -900 1200)
(-900 -900 1200)
(-600 -900 1200)
(-300 -900 1200)
(0 -900 1200)
(300 -900 1200)
(600 -900 1200)
(900 -900 1200)
(1200 -900 1200)
(1500 -900 1200)
(1800 -900 1200)
(2100 -900 1200)
(2400 -900 1200)
(2700 -900 1200)
(3000 -900 1200)
(3300 -900 1200)
(3600 -900 1200)
(3900 -900 1200)
(4200 -900 1200)
(4500 -900 1200)
(-1500 -600 1200)
(-1200 -600 1200)
(-900 -600 1200)
(-600 -600 1200)
(-300 -600 1200)
(0 -600 1200)
(300 -600 1200)
(600 -600 1200)
(900 -600 1200)
(1200 -600 1200)
(1500 -600 1200)
(1800 -600 1200)
(2100 -600 1200)
(2400 -600 1200)
(2700 -600 1200)
(3000 -600 1200)
(3300 -600 1200)
(3600 -600 1200)
(3900 -600 1200)
(4200 -600 1200)
(4500 -600 1200)
(-1500 -300 1200)
(-1200 -300 1200)
(-900 -300 1200)
(-600 -300 1200)
(-300 -300 1200)
(0 -300 1200)
(300 -300 1200)
(600 -300 1200)
(900 -300 1200)
(1200 -300 1200)
(1500 -300 1200)
(1800 -300 1200)
(2100 -300 1200)
(2400 -300 1200)
(2700 -300 1200)
(3000 -300 1200)
(3300 -300 1200)
(3600 -300 1200)
(3900 -300 1200)
(4200 -300 1200)
(4500 -300 1200)
(-1500 0 1200)
(-1200 0 1200)
(-900 0 1200)
(-600 0 1200)
(-300 0 1200)
(0 0 1200)
(300 0 1200)
(600 0 1200)
(900 0 1200)
(1200 0 1200)
(1500 0 1200)
(1800 -1.1842378929335e-14 1200)
(2100 0 1200)
(2400 0 1200)
(2700 1.1842378929335e-14 1200)
(3000 0 1200)
(3300 -1.1842378929335e-14 1200)
(3600 5.9211894646675e-15 1200)
(3900 -5.9211894646675e-15 1200)
(4200 8.88178419700125e-15 1200)
(4500 0 1200)
(-1500 300 1200)
(-1200 300 1200)
(-900 300 1200)
(-600 300 1200)
(-300 300 1200)
(0 300 1200)
(300 300 1200)
(600 300 1200)
(900 300 1200)
(1200 300 1200)
(1500 300 1200)
(1800 300 1200)
(2100 300 1200)
(2400 300 1200)
(2700 300 1200)
(3000 300 1200)
(3300 300 1200)
(3600 300 1200)
(3900 300 1200)
(4200 300 1200)
(4500 300 1200)
(-1500 600 1200)
(-1200 600 1200)
(-900 600 1200)
(-600 600 1200)
(-300 600 1200)
(0 600 1200)
(300 600 1200)
(600 600 1200)
(900 600 1200)
(1200 600 1200)
(1500 600 1200)
(1800 600 1200)
(2100 600 1200)
(2400 600 1200)
(2700 600 1200)
(3000 600 1200)
(3300 600 1200)
(3600 600 1200)
(3900 600 1200)
(4200 600 1200)
(4500 600 1200)
(-1500 900 1200)
(-1200 900 1200)
(-900 900 1200)
(-600 900 1200)
(-300 900 1200)
(0 900 1200)
(300 900 1200)
(600 900 1200)
(900 900 1200)
(1200 900 1200)
(1500 900 1200)
(1800 900 1200)
(2100 900 1200)
(2400 900 1200)
(2700 900 1200)
(3000 900 1200)
(3300 900 1200)
(3600 900 1200)
(3900 900 1200)
(4200 900 1200)
(4500 900 1200)
(-1500 1200 1200)
(-1200 1200 1200)
(-900 1200 1200)
(-600 1200 1200)
(-300 1200 1200)
(0 1200 1200)
(300 1200 1200)
(600 1200 1200)
(900 1200 1200)
(1200 1200 1200)
(1500 1200 1200)
(1800 1200 1200)
(2100 1200 1200)
(2400 1200 1200)
(2700 1200 1200)
(3000 1200 1200)
(3300 1200 1200)
(3600 1200 1200)
(3900 1200 1200)
(4200 1200 1200)
(4500 1200 1200)
)


// ************************************************************************* //
