FoamFile
{
    version     2.0;
    format      ascii;
    class       faceList;
    location    "constant/polyMesh";
    object      faces;
}

789       
(
4(12 232 221 1)
4(13 233 222 2)
4(14 234 223 3)
4(15 235 224 4)
4(16 236 225 5)
4(17 237 226 6)
4(18 238 227 7)
4(19 239 228 8)
4(20 240 229 9)
4(11 231 232 12)
4(12 232 233 13)
4(23 243 232 12)
4(13 233 234 14)
4(24 244 233 13)
4(14 234 235 15)
4(25 245 234 14)
4(15 235 236 16)
4(26 246 235 15)
4(16 236 237 17)
4(27 247 236 16)
4(17 237 238 18)
4(28 248 237 17)
4(18 238 239 19)
4(29 249 238 18)
4(19 239 240 20)
4(30 250 239 19)
4(20 240 241 21)
4(31 251 240 20)
4(22 242 243 23)
4(23 243 244 24)
4(34 254 243 23)
4(24 244 245 25)
4(35 255 244 24)
4(25 245 246 26)
4(36 256 245 25)
4(26 246 247 27)
4(37 257 246 26)
4(27 247 248 28)
4(38 258 247 27)
4(28 248 249 29)
4(39 259 248 28)
4(29 249 250 30)
4(40 260 249 29)
4(30 250 251 31)
4(41 261 250 30)
4(31 251 252 32)
4(42 262 251 31)
4(33 253 254 34)
4(34 254 255 35)
4(45 265 254 34)
4(35 255 256 36)
4(46 266 255 35)
4(36 256 257 37)
4(47 267 256 36)
4(37 257 258 38)
4(48 268 257 37)
4(38 258 259 39)
4(49 269 258 38)
4(39 259 260 40)
4(50 270 259 39)
4(40 260 261 41)
4(51 271 260 40)
4(41 261 262 42)
4(52 272 261 41)
4(42 262 263 43)
4(53 273 262 42)
4(44 264 265 45)
4(45 265 266 46)
4(56 276 265 45)
4(46 266 267 47)
4(57 277 266 46)
4(47 267 268 48)
4(58 278 267 47)
4(48 268 269 49)
4(59 279 268 48)
4(49 269 270 50)
4(60 280 269 49)
4(50 270 271 51)
4(61 281 270 50)
4(51 271 272 52)
4(62 282 271 51)
4(52 272 273 53)
4(63 283 272 52)
4(53 273 274 54)
4(64 284 273 53)
4(55 275 276 56)
4(56 276 277 57)
4(67 287 276 56)
4(57 277 278 58)
4(68 288 277 57)
4(58 278 279 59)
4(69 289 278 58)
4(59 279 280 60)
4(70 290 279 59)
4(60 280 281 61)
4(71 291 280 60)
4(61 281 282 62)
4(72 292 281 61)
4(62 282 283 63)
4(73 293 282 62)
4(63 283 284 64)
4(74 294 283 63)
4(64 284 285 65)
4(75 295 284 64)
4(66 286 287 67)
4(67 287 288 68)
4(78 298 287 67)
4(68 288 289 69)
4(79 299 288 68)
4(69 289 290 70)
4(80 300 289 69)
4(70 290 291 71)
4(81 301 290 70)
4(71 291 292 72)
4(82 302 291 71)
4(72 292 293 73)
4(83 303 292 72)
4(73 293 294 74)
4(84 304 293 73)
4(74 294 295 75)
4(85 305 294 74)
4(75 295 296 76)
4(86 306 295 75)
4(77 297 298 78)
4(78 298 299 79)
4(89 309 298 78)
4(79 299 300 80)
4(90 310 299 79)
4(80 300 301 81)
4(91 311 300 80)
4(81 301 302 82)
4(92 312 301 81)
4(82 302 303 83)
4(93 313 302 82)
4(83 303 304 84)
4(94 314 303 83)
4(84 304 305 85)
4(95 315 304 84)
4(85 305 306 86)
4(96 316 305 85)
4(86 306 307 87)
4(97 317 306 86)
4(88 308 309 89)
4(89 309 310 90)
4(100 320 309 89)
4(90 310 311 91)
4(101 321 310 90)
4(91 311 312 92)
4(102 322 311 91)
4(92 312 313 93)
4(103 323 312 92)
4(93 313 314 94)
4(104 324 313 93)
4(94 314 315 95)
4(105 325 314 94)
4(95 315 316 96)
4(106 326 315 95)
4(96 316 317 97)
4(107 327 316 96)
4(97 317 318 98)
4(108 328 317 97)
4(99 319 320 100)
4(100 320 321 101)
4(111 331 320 100)
4(101 321 322 102)
4(112 332 321 101)
4(102 322 323 103)
4(113 333 322 102)
4(103 323 324 104)
4(114 334 323 103)
4(104 324 325 105)
4(115 335 324 104)
4(105 325 326 106)
4(116 336 325 105)
4(106 326 327 107)
4(117 337 326 106)
4(107 327 328 108)
4(118 338 327 107)
4(108 328 329 109)
4(119 339 328 108)
4(110 330 331 111)
4(111 331 332 112)
4(122 342 331 111)
4(112 332 333 113)
4(123 343 332 112)
4(113 333 334 114)
4(124 344 333 113)
4(114 334 335 115)
4(125 345 334 114)
4(115 335 336 116)
4(126 346 335 115)
4(116 336 337 117)
4(127 347 336 116)
4(117 337 338 118)
4(128 348 337 117)
4(118 338 339 119)
4(129 349 338 118)
4(119 339 340 120)
4(130 350 339 119)
4(121 341 342 122)
4(122 342 343 123)
4(133 353 342 122)
4(123 343 344 124)
4(134 354 343 123)
4(124 344 345 125)
4(135 355 344 124)
4(125 345 346 126)
4(136 356 345 125)
4(126 346 347 127)
4(137 357 346 126)
4(127 347 348 128)
4(138 358 347 127)
4(128 348 349 129)
4(139 359 348 128)
4(129 349 350 130)
4(140 360 349 129)
4(130 350 351 131)
4(141 361 350 130)
4(132 352 353 133)
4(133 353 354 134)
4(144 364 353 133)
4(134 354 355 135)
4(145 365 354 134)
4(135 355 356 136)
4(146 366 355 135)
4(136 356 357 137)
4(147 367 356 136)
4(137 357 358 138)
4(148 368 357 137)
4(138 358 359 139)
4(149 369 358 138)
4(139 359 360 140)
4(150 370 359 139)
4(140 360 361 141)
4(151 371 360 140)
4(141 361 362 142)
4(152 372 361 141)
4(143 363 364 144)
4(144 364 365 145)
4(155 375 364 144)
4(145 365 366 146)
4(156 376 365 145)
4(146 366 367 147)
4(157 377 366 146)
4(147 367 368 148)
4(158 378 367 147)
4(148 368 369 149)
4(159 379 368 148)
4(149 369 370 150)
4(160 380 369 149)
4(150 370 371 151)
4(161 381 370 150)
4(151 371 372 152)
4(162 382 371 151)
4(152 372 373 153)
4(163 383 372 152)
4(154 374 375 155)
4(155 375 376 156)
4(166 386 375 155)
4(156 376 377 157)
4(167 387 376 156)
4(157 377 378 158)
4(168 388 377 157)
4(158 378 379 159)
4(169 389 378 158)
4(159 379 380 160)
4(170 390 379 159)
4(160 380 381 161)
4(171 391 380 160)
4(161 381 382 162)
4(172 392 381 161)
4(162 382 383 163)
4(173 393 382 162)
4(163 383 384 164)
4(174 394 383 163)
4(165 385 386 166)
4(166 386 387 167)
4(177 397 386 166)
4(167 387 388 168)
4(178 398 387 167)
4(168 388 389 169)
4(179 399 388 168)
4(169 389 390 170)
4(180 400 389 169)
4(170 390 391 171)
4(181 401 390 170)
4(171 391 392 172)
4(182 402 391 171)
4(172 392 393 173)
4(183 403 392 172)
4(173 393 394 174)
4(184 404 393 173)
4(174 394 395 175)
4(185 405 394 174)
4(176 396 397 177)
4(177 397 398 178)
4(188 408 397 177)
4(178 398 399 179)
4(189 409 398 178)
4(179 399 400 180)
4(190 410 399 179)
4(180 400 401 181)
4(191 411 400 180)
4(181 401 402 182)
4(192 412 401 181)
4(182 402 403 183)
4(193 413 402 182)
4(183 403 404 184)
4(194 414 403 183)
4(184 404 405 185)
4(195 415 404 184)
4(185 405 406 186)
4(196 416 405 185)
4(187 407 408 188)
4(188 408 409 189)
4(199 419 408 188)
4(189 409 410 190)
4(200 420 409 189)
4(190 410 411 191)
4(201 421 410 190)
4(191 411 412 192)
4(202 422 411 191)
4(192 412 413 193)
4(203 423 412 192)
4(193 413 414 194)
4(204 424 413 193)
4(194 414 415 195)
4(205 425 414 194)
4(195 415 416 196)
4(206 426 415 195)
4(196 416 417 197)
4(207 427 416 196)
4(198 418 419 199)
4(199 419 420 200)
4(210 430 419 199)
4(200 420 421 201)
4(211 431 420 200)
4(201 421 422 202)
4(212 432 421 201)
4(202 422 423 203)
4(213 433 422 202)
4(203 423 424 204)
4(214 434 423 203)
4(204 424 425 205)
4(215 435 424 204)
4(205 425 426 206)
4(216 436 425 205)
4(206 426 427 207)
4(217 437 426 206)
4(207 427 428 208)
4(218 438 427 207)
4(20 21 10 9)
4(19 20 9 8)
4(18 19 8 7)
4(17 18 7 6)
4(16 17 6 5)
4(15 16 5 4)
4(14 15 4 3)
4(13 14 3 2)
4(12 13 2 1)
4(11 12 1 0)
4(31 32 21 20)
4(30 31 20 19)
4(29 30 19 18)
4(28 29 18 17)
4(27 28 17 16)
4(26 27 16 15)
4(25 26 15 14)
4(24 25 14 13)
4(23 24 13 12)
4(22 23 12 11)
4(42 43 32 31)
4(41 42 31 30)
4(40 41 30 29)
4(39 40 29 28)
4(38 39 28 27)
4(37 38 27 26)
4(36 37 26 25)
4(35 36 25 24)
4(34 35 24 23)
4(33 34 23 22)
4(53 54 43 42)
4(52 53 42 41)
4(51 52 41 40)
4(50 51 40 39)
4(49 50 39 38)
4(48 49 38 37)
4(47 48 37 36)
4(46 47 36 35)
4(45 46 35 34)
4(44 45 34 33)
4(64 65 54 53)
4(63 64 53 52)
4(62 63 52 51)
4(61 62 51 50)
4(60 61 50 49)
4(59 60 49 48)
4(58 59 48 47)
4(57 58 47 46)
4(56 57 46 45)
4(55 56 45 44)
4(75 76 65 64)
4(74 75 64 63)
4(73 74 63 62)
4(72 73 62 61)
4(71 72 61 60)
4(70 71 60 59)
4(69 70 59 58)
4(68 69 58 57)
4(67 68 57 56)
4(66 67 56 55)
4(86 87 76 75)
4(85 86 75 74)
4(84 85 74 73)
4(83 84 73 72)
4(82 83 72 71)
4(81 82 71 70)
4(80 81 70 69)
4(79 80 69 68)
4(78 79 68 67)
4(77 78 67 66)
4(97 98 87 86)
4(96 97 86 85)
4(95 96 85 84)
4(94 95 84 83)
4(93 94 83 82)
4(92 93 82 81)
4(91 92 81 80)
4(90 91 80 79)
4(89 90 79 78)
4(88 89 78 77)
4(108 109 98 97)
4(107 108 97 96)
4(106 107 96 95)
4(105 106 95 94)
4(104 105 94 93)
4(103 104 93 92)
4(102 103 92 91)
4(101 102 91 90)
4(100 101 90 89)
4(99 100 89 88)
4(119 120 109 108)
4(118 119 108 107)
4(117 118 107 106)
4(116 117 106 105)
4(115 116 105 104)
4(114 115 104 103)
4(113 114 103 102)
4(112 113 102 101)
4(111 112 101 100)
4(110 111 100 99)
4(130 131 120 119)
4(129 130 119 118)
4(128 129 118 117)
4(127 128 117 116)
4(126 127 116 115)
4(125 126 115 114)
4(124 125 114 113)
4(123 124 113 112)
4(122 123 112 111)
4(121 122 111 110)
4(141 142 131 130)
4(140 141 130 129)
4(139 140 129 128)
4(138 139 128 127)
4(137 138 127 126)
4(136 137 126 125)
4(135 136 125 124)
4(134 135 124 123)
4(133 134 123 122)
4(132 133 122 121)
4(152 153 142 141)
4(151 152 141 140)
4(150 151 140 139)
4(149 150 139 138)
4(148 149 138 137)
4(147 148 137 136)
4(146 147 136 135)
4(145 146 135 134)
4(144 145 134 133)
4(143 144 133 132)
4(163 164 153 152)
4(162 163 152 151)
4(161 162 151 150)
4(160 161 150 149)
4(159 160 149 148)
4(158 159 148 147)
4(157 158 147 146)
4(156 157 146 145)
4(155 156 145 144)
4(154 155 144 143)
4(174 175 164 163)
4(173 174 163 162)
4(172 173 162 161)
4(171 172 161 160)
4(170 171 160 159)
4(169 170 159 158)
4(168 169 158 157)
4(167 168 157 156)
4(166 167 156 155)
4(165 166 155 154)
4(185 186 175 174)
4(184 185 174 173)
4(183 184 173 172)
4(182 183 172 171)
4(181 182 171 170)
4(180 181 170 169)
4(179 180 169 168)
4(178 179 168 167)
4(177 178 167 166)
4(176 177 166 165)
4(196 197 186 185)
4(195 196 185 184)
4(194 195 184 183)
4(193 194 183 182)
4(192 193 182 181)
4(191 192 181 180)
4(190 191 180 179)
4(189 190 179 178)
4(188 189 178 177)
4(187 188 177 176)
4(207 208 197 196)
4(206 207 196 195)
4(205 206 195 194)
4(204 205 194 193)
4(203 204 193 192)
4(202 203 192 191)
4(201 202 191 190)
4(200 201 190 189)
4(199 200 189 188)
4(198 199 188 187)
4(218 219 208 207)
4(217 218 207 206)
4(216 217 206 205)
4(215 216 205 204)
4(214 215 204 203)
4(213 214 203 202)
4(212 213 202 201)
4(211 212 201 200)
4(210 211 200 199)
4(209 210 199 198)
4(221 232 231 220)
4(222 233 232 221)
4(223 234 233 222)
4(224 235 234 223)
4(225 236 235 224)
4(226 237 236 225)
4(227 238 237 226)
4(228 239 238 227)
4(229 240 239 228)
4(230 241 240 229)
4(232 243 242 231)
4(233 244 243 232)
4(234 245 244 233)
4(235 246 245 234)
4(236 247 246 235)
4(237 248 247 236)
4(238 249 248 237)
4(239 250 249 238)
4(240 251 250 239)
4(241 252 251 240)
4(243 254 253 242)
4(244 255 254 243)
4(245 256 255 244)
4(246 257 256 245)
4(247 258 257 246)
4(248 259 258 247)
4(249 260 259 248)
4(250 261 260 249)
4(251 262 261 250)
4(252 263 262 251)
4(254 265 264 253)
4(255 266 265 254)
4(256 267 266 255)
4(257 268 267 256)
4(258 269 268 257)
4(259 270 269 258)
4(260 271 270 259)
4(261 272 271 260)
4(262 273 272 261)
4(263 274 273 262)
4(265 276 275 264)
4(266 277 276 265)
4(267 278 277 266)
4(268 279 278 267)
4(269 280 279 268)
4(270 281 280 269)
4(271 282 281 270)
4(272 283 282 271)
4(273 284 283 272)
4(274 285 284 273)
4(276 287 286 275)
4(277 288 287 276)
4(278 289 288 277)
4(279 290 289 278)
4(280 291 290 279)
4(281 292 291 280)
4(282 293 292 281)
4(283 294 293 282)
4(284 295 294 283)
4(285 296 295 284)
4(287 298 297 286)
4(288 299 298 287)
4(289 300 299 288)
4(290 301 300 289)
4(291 302 301 290)
4(292 303 302 291)
4(293 304 303 292)
4(294 305 304 293)
4(295 306 305 294)
4(296 307 306 295)
4(298 309 308 297)
4(299 310 309 298)
4(300 311 310 299)
4(301 312 311 300)
4(302 313 312 301)
4(303 314 313 302)
4(304 315 314 303)
4(305 316 315 304)
4(306 317 316 305)
4(307 318 317 306)
4(309 320 319 308)
4(310 321 320 309)
4(311 322 321 310)
4(312 323 322 311)
4(313 324 323 312)
4(314 325 324 313)
4(315 326 325 314)
4(316 327 326 315)
4(317 328 327 316)
4(318 329 328 317)
4(320 331 330 319)
4(321 332 331 320)
4(322 333 332 321)
4(323 334 333 322)
4(324 335 334 323)
4(325 336 335 324)
4(326 337 336 325)
4(327 338 337 326)
4(328 339 338 327)
4(329 340 339 328)
4(331 342 341 330)
4(332 343 342 331)
4(333 344 343 332)
4(334 345 344 333)
4(335 346 345 334)
4(336 347 346 335)
4(337 348 347 336)
4(338 349 348 337)
4(339 350 349 338)
4(340 351 350 339)
4(342 353 352 341)
4(343 354 353 342)
4(344 355 354 343)
4(345 356 355 344)
4(346 357 356 345)
4(347 358 357 346)
4(348 359 358 347)
4(349 360 359 348)
4(350 361 360 349)
4(351 362 361 350)
4(353 364 363 352)
4(354 365 364 353)
4(355 366 365 354)
4(356 367 366 355)
4(357 368 367 356)
4(358 369 368 357)
4(359 370 369 358)
4(360 371 370 359)
4(361 372 371 360)
4(362 373 372 361)
4(364 375 374 363)
4(365 376 375 364)
4(366 377 376 365)
4(367 378 377 366)
4(368 379 378 367)
4(369 380 379 368)
4(370 381 380 369)
4(371 382 381 370)
4(372 383 382 371)
4(373 384 383 372)
4(375 386 385 374)
4(376 387 386 375)
4(377 388 387 376)
4(378 389 388 377)
4(379 390 389 378)
4(380 391 390 379)
4(381 392 391 380)
4(382 393 392 381)
4(383 394 393 382)
4(384 395 394 383)
4(386 397 396 385)
4(387 398 397 386)
4(388 399 398 387)
4(389 400 399 388)
4(390 401 400 389)
4(391 402 401 390)
4(392 403 402 391)
4(393 404 403 392)
4(394 405 404 393)
4(395 406 405 394)
4(397 408 407 396)
4(398 409 408 397)
4(399 410 409 398)
4(400 411 410 399)
4(401 412 411 400)
4(402 413 412 401)
4(403 414 413 402)
4(404 415 414 403)
4(405 416 415 404)
4(406 417 416 405)
4(408 419 418 407)
4(409 420 419 408)
4(410 421 420 409)
4(411 422 421 410)
4(412 423 422 411)
4(413 424 423 412)
4(414 425 424 413)
4(415 426 425 414)
4(416 427 426 415)
4(417 428 427 416)
4(419 430 429 418)
4(420 431 430 419)
4(421 432 431 420)
4(422 433 432 421)
4(423 434 433 422)
4(424 435 434 423)
4(425 436 435 424)
4(426 437 436 425)
4(427 438 437 426)
4(428 439 438 427)
4(1 221 220 0)
4(2 222 221 1)
4(3 223 222 2)
4(4 224 223 3)
4(5 225 224 4)
4(6 226 225 5)
4(7 227 226 6)
4(8 228 227 7)
4(9 229 228 8)
4(10 230 229 9)
4(418 429 209 198)
4(407 418 198 187)
4(396 407 187 176)
4(385 396 176 165)
4(374 385 165 154)
4(363 374 154 143)
4(352 363 143 132)
4(341 352 132 121)
4(330 341 121 110)
4(319 330 110 99)
4(308 319 99 88)
4(297 308 88 77)
4(286 297 77 66)
4(275 286 66 55)
4(264 275 55 44)
4(253 264 44 33)
4(242 253 33 22)
4(231 242 22 11)
4(220 231 11 0)
4(21 241 230 10)
4(32 252 241 21)
4(43 263 252 32)
4(54 274 263 43)
4(65 285 274 54)
4(76 296 285 65)
4(87 307 296 76)
4(98 318 307 87)
4(109 329 318 98)
4(120 340 329 109)
4(131 351 340 120)
4(142 362 351 131)
4(153 373 362 142)
4(164 384 373 153)
4(175 395 384 164)
4(186 406 395 175)
4(197 417 406 186)
4(208 428 417 197)
4(219 439 428 208)
4(218 438 439 219)
4(217 437 438 218)
4(216 436 437 217)
4(215 435 436 216)
4(214 434 435 215)
4(213 433 434 214)
4(212 432 433 213)
4(211 431 432 212)
4(210 430 431 211)
4(209 429 430 210)
)
