FoamFile
{
    version     2.0;
    format      ascii;
    class       labelList;
    location    "constant/polyMesh";
    object      owner;
}

789       
(
 0 1 2 3 4 5 6 7 8 0
 1 10 2 11 3 12 4 13 5 14
 6 15 7 16 8 17 9 18 10 11
 20 12 21 13 22 14 23 15 24 16
 25 17 26 18 27 19 28 20 21 30
 22 31 23 32 24 33 25 34 26 35
 27 36 28 37 29 38 30 31 40 32
 41 33 42 34 43 35 44 36 45 37
 46 38 47 39 48 40 41 50 42 51
 43 52 44 53 45 54 46 55 47 56
 48 57 49 58 50 51 60 52 61 53
 62 54 63 55 64 56 65 57 66 58
 67 59 68 60 61 70 62 71 63 72
 64 73 65 74 66 75 67 76 68 77
 69 78 70 71 80 72 81 73 82 74
 83 75 84 76 85 77 86 78 87 79
 88 80 81 90 82 91 83 92 84 93
 85 94 86 95 87 96 88 97 89 98
 90 91 100 92 101 93 102 94 103 95
 104 96 105 97 106 98 107 99 108 100
 101 110 102 111 103 112 104 113 105 114
 106 115 107 116 108 117 109 118 110 111
 120 112 121 113 122 114 123 115 124 116
 125 117 126 118 127 119 128 120 121 130
 122 131 123 132 124 133 125 134 126 135
 127 136 128 137 129 138 130 131 140 132
 141 133 142 134 143 135 144 136 145 137
 146 138 147 139 148 140 141 150 142 151
 143 152 144 153 145 154 146 155 147 156
 148 157 149 158 150 151 160 152 161 153
 162 154 163 155 164 156 165 157 166 158
 167 159 168 160 161 170 162 171 163 172
 164 173 165 174 166 175 167 176 168 177
 169 178 170 171 180 172 181 173 182 174
 183 175 184 176 185 177 186 178 187 179
 188 9 8 7 6 5 4 3 2 1
 0 19 18 17 16 15 14 13 12 11
 10 29 28 27 26 25 24 23 22 21
 20 39 38 37 36 35 34 33 32 31
 30 49 48 47 46 45 44 43 42 41
 40 59 58 57 56 55 54 53 52 51
 50 69 68 67 66 65 64 63 62 61
 60 79 78 77 76 75 74 73 72 71
 70 89 88 87 86 85 84 83 82 81
 80 99 98 97 96 95 94 93 92 91
 90 109 108 107 106 105 104 103 102 101
 100 119 118 117 116 115 114 113 112 111
 110 129 128 127 126 125 124 123 122 121
 120 139 138 137 136 135 134 133 132 131
 130 149 148 147 146 145 144 143 142 141
 140 159 158 157 156 155 154 153 152 151
 150 169 168 167 166 165 164 163 162 161
 160 179 178 177 176 175 174 173 172 171
 170 189 188 187 186 185 184 183 182 181
 180 0 1 2 3 4 5 6 7 8
 9 10 11 12 13 14 15 16 17 18
 19 20 21 22 23 24 25 26 27 28
 29 30 31 32 33 34 35 36 37 38
 39 40 41 42 43 44 45 46 47 48
 49 50 51 52 53 54 55 56 57 58
 59 60 61 62 63 64 65 66 67 68
 69 70 71 72 73 74 75 76 77 78
 79 80 81 82 83 84 85 86 87 88
 89 90 91 92 93 94 95 96 97 98
 99 100 101 102 103 104 105 106 107 108
 109 110 111 112 113 114 115 116 117 118
 119 120 121 122 123 124 125 126 127 128
 129 130 131 132 133 134 135 136 137 138
 139 140 141 142 143 144 145 146 147 148
 149 150 151 152 153 154 155 156 157 158
 159 160 161 162 163 164 165 166 167 168
 169 170 171 172 173 174 175 176 177 178
 179 180 181 182 183 184 185 186 187 188
 189 0 1 2 3 4 5 6 7 8
 9 180 170 160 150 140 130 120 110 100
 90 80 70 60 50 40 30 20 10 0
 9 19 29 39 49 59 69 79 89 99
 109 119 129 139 149 159 169 179 189 189
 188 187 186 185 184 183 182 181 180
)
