FoamFile
{
    version     2.0;
    format      ascii;
    class       vectorField;
    location    "constant/polyMesh";
    object      points;
}

440       
(
(0 1 0)
(0.1581974072503185 0.9923445509261715 0)
(0.3130293536375116 0.9589964784301731 0)
(0.4603515367294136 0.9008483922167725 0)
(0.5962206638403351 0.8194567104589821 0)
(0.717 0.7170000000000001 0)
(0.8194567104589821 0.596220663840335 0)
(0.9008483922167724 0.4603515367294138 0)
(0.9589964784301731 0.3130293536375116 0)
(0.9923445509261715 0.1581974072503183 0)
(1 0 0)
(0 1.473684210526316 0)
(0.2331330212109956 1.462402496101727 0)
(0.4613064158868593 1.413257968212887 0)
(0.678412790969662 1.327566051687876 0)
(0.8786409782910203 1.207620415413237 0)
(1.056631578947368 1.056631578947369 0)
(1.207620415413237 0.8786409782910201 0)
(1.327566051687875 0.6784127909696624 0)
(1.413257968212887 0.4613064158868592 0)
(1.462402496101726 0.2331330212109954 0)
(1.473684210526316 0 0)
(0 1.947368421052631 0)
(0.3080686351716728 1.932460441277281 0)
(0.6095834781362066 1.867519457995601 0)
(0.8964740452099107 1.754283711158978 0)
(1.161061292741705 1.595784120367491 0)
(1.396263157894737 1.396263157894737 0)
(1.595784120367491 1.161061292741705 0)
(1.754283711158978 0.896474045209911 0)
(1.8675194579956 0.6095834781362068 0)
(1.932460441277281 0.3080686351716725 0)
(1.947368421052631 0 0)
(0 2.421052631578947 0)
(0.3830042491323499 2.402518386452836 0)
(0.7578605403855544 2.321780947778314 0)
(1.114535299450159 2.181001370630081 0)
(1.44348160719239 1.983947825321746 0)
(1.735894736842105 1.735894736842106 0)
(1.983947825321746 1.44348160719239 0)
(2.181001370630081 1.11453529945016 0)
(2.321780947778314 0.7578605403855545 0)
(2.402518386452836 0.3830042491323497 0)
(2.421052631578947 0 0)
(0 2.894736842105263 0)
(0.4579398630930269 2.872576331628391 0)
(0.906137602634902 2.776042437561028 0)
(1.332596553690407 2.607719030101184 0)
(1.725901921643075 2.372111530276001 0)
(2.075526315789474 2.075526315789474 0)
(2.372111530276001 1.725901921643075 0)
(2.607719030101183 1.332596553690408 0)
(2.776042437561027 0.9061376026349021 0)
(2.872576331628391 0.4579398630930268 0)
(2.894736842105263 0 0)
(0 3.368421052631579 0)
(0.5328754770537042 3.342634276803946 0)
(1.054414664884249 3.230303927343742 0)
(1.550657807930657 3.034436689572286 0)
(2.00832223609376 2.760275235230256 0)
(2.415157894736842 2.415157894736844 0)
(2.760275235230255 2.00832223609376 0)
(3.034436689572287 1.550657807930658 0)
(3.23030392734374 1.05441466488425 0)
(3.342634276803946 0.5328754770537039 0)
(3.368421052631579 0 0)
(0 3.842105263157895 0)
(0.6078110910143814 3.812692221979502 0)
(1.202691727133597 3.684565417126456 0)
(1.768719062170905 3.461154349043389 0)
(2.290742550544446 3.148438940184511 0)
(2.754789473684211 2.754789473684212 0)
(3.148438940184511 2.290742550544445 0)
(3.461154349043389 1.768719062170906 0)
(3.684565417126455 1.202691727133598 0)
(3.8126922219795 0.607811091014381 0)
(3.842105263157895 0 0)
(0 4.315789473684211 0)
(0.6827467049750583 4.282750167155056 0)
(1.350968789382945 4.138826906909168 0)
(1.986780316411154 3.887872008514492 0)
(2.573162864995131 3.536602645138766 0)
(3.094421052631579 3.094421052631581 0)
(3.536602645138766 2.57316286499513 0)
(3.887872008514492 1.986780316411155 0)
(4.138826906909168 1.350968789382945 0)
(4.282750167155056 0.6827467049750582 0)
(4.315789473684211 0 0)
(0 4.789473684210526 0)
(0.7576823189357356 4.752808112330611 0)
(1.499245851632292 4.593088396691883 0)
(2.204841570651402 4.314589667985594 0)
(2.855583179445816 3.924766350093019 0)
(3.434052631578947 3.434052631578947 0)
(3.924766350093019 2.855583179445814 0)
(4.314589667985594 2.204841570651403 0)
(4.593088396691881 1.499245851632292 0)
(4.75280811233061 0.7576823189357351 0)
(4.789473684210526 0 0)
(0 5.263157894736842 0)
(0.8326179328964126 5.222866057506165 0)
(1.64752291388164 5.047349886474595 0)
(2.422902824891651 4.741307327456697 0)
(3.1380034938965 4.312930055047275 0)
(3.773684210526316 3.773684210526317 0)
(4.312930055047274 3.1380034938965 0)
(4.741307327456697 2.422902824891652 0)
(5.047349886474595 1.64752291388164 0)
(5.222866057506165 0.8326179328964122 0)
(5.263157894736842 0 0)
(0 5.736842105263158 0)
(0.9075535468570898 5.69292400268172 0)
(1.795799976130987 5.50161137625731 0)
(2.640964079131899 5.168024986927801 0)
(3.420423808347186 4.70109376000153 0)
(4.113315789473685 4.113315789473686 0)
(4.70109376000153 3.420423808347186 0)
(5.1680249869278 2.6409640791319 0)
(5.501611376257308 1.795799976130988 0)
(5.69292400268172 0.9075535468570893 0)
(5.736842105263158 0 0)
(0 6.210526315789474 0)
(0.982489160817767 6.162981947857276 0)
(1.944077038380335 5.955872866040026 0)
(2.859025333372148 5.594742646398903 0)
(3.702844122797872 5.089257464955785 0)
(4.452947368421054 4.452947368421055 0)
(5.089257464955786 3.702844122797871 0)
(5.594742646398903 2.85902533337215 0)
(5.955872866040024 1.944077038380336 0)
(6.162981947857276 0.9824891608177666 0)
(6.210526315789474 0 0)
(0 6.684210526315789 0)
(1.057424774778444 6.633039893032831 0)
(2.092354100629683 6.410134355822739 0)
(3.077086587612397 6.021460305870005 0)
(3.985264437248556 5.477421169910039 0)
(4.792578947368422 4.792578947368422 0)
(5.47742116991004 3.985264437248556 0)
(6.021460305870004 3.077086587612398 0)
(6.410134355822737 2.092354100629684 0)
(6.633039893032831 1.057424774778444 0)
(6.684210526315789 0 0)
(0 7.157894736842105 0)
(1.132360388739121 7.103097838208388 0)
(2.24063116287903 6.864395845605451 0)
(3.295147841852645 6.448177965341108 0)
(4.267684751699241 5.865584874864294 0)
(5.13221052631579 5.13221052631579 0)
(5.865584874864296 4.267684751699241 0)
(6.448177965341108 3.295147841852647 0)
(6.864395845605451 2.240631162879031 0)
(7.103097838208384 1.132360388739121 0)
(7.157894736842105 0 0)
(0 7.631578947368421 0)
(1.207296002699798 7.573155783383943 0)
(2.388908225128378 7.318657335388165 0)
(3.513209096092894 6.874895624812211 0)
(4.550105066149925 6.253748579818549 0)
(5.471842105263159 5.471842105263159 0)
(6.253748579818549 4.550105066149927 0)
(6.87489562481221 3.513209096092895 0)
(7.318657335388163 2.388908225128378 0)
(7.573155783383942 1.207296002699798 0)
(7.631578947368421 0 0)
(0 8.105263157894736 0)
(1.282231616660476 8.043213728559497 0)
(2.537185287377726 7.772918825170878 0)
(3.731270350333141 7.301613284283314 0)
(4.832525380600611 6.641912284772802 0)
(5.811473684210526 5.811473684210528 0)
(6.641912284772801 4.83252538060061 0)
(7.301613284283314 3.731270350333144 0)
(7.772918825170876 2.537185287377725 0)
(8.043213728559495 1.282231616660475 0)
(8.105263157894736 0 0)
(0 8.578947368421051 0)
(1.357167230621152 8.513271673735051 0)
(2.685462349627072 8.227180314953593 0)
(3.94933160457339 7.728330943754416 0)
(5.114945695051295 7.030075989727056 0)
(6.151105263157895 6.151105263157897 0)
(7.030075989727058 5.114945695051293 0)
(7.728330943754416 3.949331604573392 0)
(8.227180314953589 2.685462349627073 0)
(8.513271673735051 1.357167230621152 0)
(8.578947368421051 0 0)
(0 9.052631578947368 0)
(1.43210284458183 8.983329618910604 0)
(2.833739411876421 8.681441804736307 0)
(4.167392858813638 8.15504860322552 0)
(5.39736600950198 7.418239694681312 0)
(6.490736842105264 6.490736842105266 0)
(7.418239694681312 5.397366009501981 0)
(8.15504860322552 4.167392858813641 0)
(8.681441804736304 2.833739411876421 0)
(8.983329618910604 1.432102844581829 0)
(9.052631578947368 0 0)
(0 9.526315789473683 0)
(1.507038458542507 9.453387564086158 0)
(2.982016474125768 9.13570329451902 0)
(4.385454113053887 8.581766262696622 0)
(5.679786323952665 7.806403399635567 0)
(6.830368421052632 6.830368421052634 0)
(7.806403399635567 5.679786323952664 0)
(8.581766262696622 4.385454113053889 0)
(9.135703294519017 2.982016474125769 0)
(9.453387564086158 1.507038458542506 0)
(9.526315789473683 0 0)
(0 10 0)
(1.581974072503184 9.923445509261716 0)
(3.130293536375116 9.589964784301733 0)
(4.603515367294136 9.008483922167725 0)
(5.962206638403352 8.194567104589822 0)
(7.170000000000001 7.170000000000003 0)
(8.194567104589822 5.962206638403351 0)
(9.008483922167725 4.603515367294139 0)
(9.589964784301731 3.130293536375117 0)
(9.923445509261715 1.581974072503183 0)
(10 0 0)
(0 1 0.25)
(0.1581974072503185 0.9923445509261715 0.25)
(0.3130293536375116 0.9589964784301731 0.25)
(0.4603515367294136 0.9008483922167725 0.25)
(0.5962206638403351 0.8194567104589821 0.25)
(0.717 0.7170000000000001 0.25)
(0.8194567104589821 0.596220663840335 0.25)
(0.9008483922167724 0.4603515367294138 0.25)
(0.9589964784301731 0.3130293536375116 0.25)
(0.9923445509261715 0.1581974072503183 0.25)
(1 0 0.25)
(0 1.473684210526316 0.25)
(0.2331330212109956 1.462402496101727 0.25)
(0.4613064158868593 1.413257968212887 0.25)
(0.678412790969662 1.327566051687876 0.25)
(0.8786409782910203 1.207620415413237 0.25)
(1.056631578947368 1.056631578947369 0.25)
(1.207620415413237 0.8786409782910201 0.25)
(1.327566051687875 0.6784127909696624 0.25)
(1.413257968212887 0.4613064158868592 0.25)
(1.462402496101726 0.2331330212109954 0.25)
(1.473684210526316 0 0.25)
(0 1.947368421052631 0.25)
(0.3080686351716728 1.932460441277281 0.25)
(0.6095834781362066 1.867519457995601 0.25)
(0.8964740452099107 1.754283711158978 0.25)
(1.161061292741705 1.595784120367491 0.25)
(1.396263157894737 1.396263157894737 0.25)
(1.595784120367491 1.161061292741705 0.25)
(1.754283711158978 0.896474045209911 0.25)
(1.8675194579956 0.6095834781362068 0.25)
(1.932460441277281 0.3080686351716725 0.25)
(1.947368421052631 0 0.25)
(0 2.421052631578947 0.25)
(0.3830042491323499 2.402518386452836 0.25)
(0.7578605403855544 2.321780947778314 0.25)
(1.114535299450159 2.181001370630081 0.25)
(1.44348160719239 1.983947825321746 0.25)
(1.735894736842105 1.735894736842106 0.25)
(1.983947825321746 1.44348160719239 0.25)
(2.181001370630081 1.11453529945016 0.25)
(2.321780947778314 0.7578605403855545 0.25)
(2.402518386452836 0.3830042491323497 0.25)
(2.421052631578947 0 0.25)
(0 2.894736842105263 0.25)
(0.4579398630930269 2.872576331628391 0.25)
(0.906137602634902 2.776042437561028 0.25)
(1.332596553690407 2.607719030101184 0.25)
(1.725901921643075 2.372111530276001 0.25)
(2.075526315789474 2.075526315789474 0.25)
(2.372111530276001 1.725901921643075 0.25)
(2.607719030101183 1.332596553690408 0.25)
(2.776042437561027 0.9061376026349021 0.25)
(2.872576331628391 0.4579398630930268 0.25)
(2.894736842105263 0 0.25)
(0 3.368421052631579 0.25)
(0.5328754770537042 3.342634276803946 0.25)
(1.054414664884249 3.230303927343742 0.25)
(1.550657807930657 3.034436689572286 0.25)
(2.00832223609376 2.760275235230256 0.25)
(2.415157894736842 2.415157894736844 0.25)
(2.760275235230255 2.00832223609376 0.25)
(3.034436689572287 1.550657807930658 0.25)
(3.23030392734374 1.05441466488425 0.25)
(3.342634276803946 0.5328754770537039 0.25)
(3.368421052631579 0 0.25)
(0 3.842105263157895 0.25)
(0.6078110910143814 3.812692221979502 0.25)
(1.202691727133597 3.684565417126456 0.25)
(1.768719062170905 3.461154349043389 0.25)
(2.290742550544446 3.148438940184511 0.25)
(2.754789473684211 2.754789473684212 0.25)
(3.148438940184511 2.290742550544445 0.25)
(3.461154349043389 1.768719062170906 0.25)
(3.684565417126455 1.202691727133598 0.25)
(3.8126922219795 0.607811091014381 0.25)
(3.842105263157895 0 0.25)
(0 4.315789473684211 0.25)
(0.6827467049750583 4.282750167155056 0.25)
(1.350968789382945 4.138826906909168 0.25)
(1.986780316411154 3.887872008514492 0.25)
(2.573162864995131 3.536602645138766 0.25)
(3.094421052631579 3.094421052631581 0.25)
(3.536602645138766 2.57316286499513 0.25)
(3.887872008514492 1.986780316411155 0.25)
(4.138826906909168 1.350968789382945 0.25)
(4.282750167155056 0.6827467049750582 0.25)
(4.315789473684211 0 0.25)
(0 4.789473684210526 0.25)
(0.7576823189357356 4.752808112330611 0.25)
(1.499245851632292 4.593088396691883 0.25)
(2.204841570651402 4.314589667985594 0.25)
(2.855583179445816 3.924766350093019 0.25)
(3.434052631578947 3.434052631578947 0.25)
(3.924766350093019 2.855583179445814 0.25)
(4.314589667985594 2.204841570651403 0.25)
(4.593088396691881 1.499245851632292 0.25)
(4.75280811233061 0.7576823189357351 0.25)
(4.789473684210526 0 0.25)
(0 5.263157894736842 0.25)
(0.8326179328964126 5.222866057506165 0.25)
(1.64752291388164 5.047349886474595 0.25)
(2.422902824891651 4.741307327456697 0.25)
(3.1380034938965 4.312930055047275 0.25)
(3.773684210526316 3.773684210526317 0.25)
(4.312930055047274 3.1380034938965 0.25)
(4.741307327456697 2.422902824891652 0.25)
(5.047349886474595 1.64752291388164 0.25)
(5.222866057506165 0.8326179328964122 0.25)
(5.263157894736842 0 0.25)
(0 5.736842105263158 0.25)
(0.9075535468570898 5.69292400268172 0.25)
(1.795799976130987 5.50161137625731 0.25)
(2.640964079131899 5.168024986927801 0.25)
(3.420423808347186 4.70109376000153 0.25)
(4.113315789473685 4.113315789473686 0.25)
(4.70109376000153 3.420423808347186 0.25)
(5.1680249869278 2.6409640791319 0.25)
(5.501611376257308 1.795799976130988 0.25)
(5.69292400268172 0.9075535468570893 0.25)
(5.736842105263158 0 0.25)
(0 6.210526315789474 0.25)
(0.982489160817767 6.162981947857276 0.25)
(1.944077038380335 5.955872866040026 0.25)
(2.859025333372148 5.594742646398903 0.25)
(3.702844122797872 5.089257464955785 0.25)
(4.452947368421054 4.452947368421055 0.25)
(5.089257464955786 3.702844122797871 0.25)
(5.594742646398903 2.85902533337215 0.25)
(5.955872866040024 1.944077038380336 0.25)
(6.162981947857276 0.9824891608177666 0.25)
(6.210526315789474 0 0.25)
(0 6.684210526315789 0.25)
(1.057424774778444 6.633039893032831 0.25)
(2.092354100629683 6.410134355822739 0.25)
(3.077086587612397 6.021460305870005 0.25)
(3.985264437248556 5.477421169910039 0.25)
(4.792578947368422 4.792578947368422 0.25)
(5.47742116991004 3.985264437248556 0.25)
(6.021460305870004 3.077086587612398 0.25)
(6.410134355822737 2.092354100629684 0.25)
(6.633039893032831 1.057424774778444 0.25)
(6.684210526315789 0 0.25)
(0 7.157894736842105 0.25)
(1.132360388739121 7.103097838208388 0.25)
(2.24063116287903 6.864395845605451 0.25)
(3.295147841852645 6.448177965341108 0.25)
(4.267684751699241 5.865584874864294 0.25)
(5.13221052631579 5.13221052631579 0.25)
(5.865584874864296 4.267684751699241 0.25)
(6.448177965341108 3.295147841852647 0.25)
(6.864395845605451 2.240631162879031 0.25)
(7.103097838208384 1.132360388739121 0.25)
(7.157894736842105 0 0.25)
(0 7.631578947368421 0.25)
(1.207296002699798 7.573155783383943 0.25)
(2.388908225128378 7.318657335388165 0.25)
(3.513209096092894 6.874895624812211 0.25)
(4.550105066149925 6.253748579818549 0.25)
(5.471842105263159 5.471842105263159 0.25)
(6.253748579818549 4.550105066149927 0.25)
(6.87489562481221 3.513209096092895 0.25)
(7.318657335388163 2.388908225128378 0.25)
(7.573155783383942 1.207296002699798 0.25)
(7.631578947368421 0 0.25)
(0 8.105263157894736 0.25)
(1.282231616660476 8.043213728559497 0.25)
(2.537185287377726 7.772918825170878 0.25)
(3.731270350333141 7.301613284283314 0.25)
(4.832525380600611 6.641912284772802 0.25)
(5.811473684210526 5.811473684210528 0.25)
(6.641912284772801 4.83252538060061 0.25)
(7.301613284283314 3.731270350333144 0.25)
(7.772918825170876 2.537185287377725 0.25)
(8.043213728559495 1.282231616660475 0.25)
(8.105263157894736 0 0.25)
(0 8.578947368421051 0.25)
(1.357167230621152 8.513271673735051 0.25)
(2.685462349627072 8.227180314953593 0.25)
(3.94933160457339 7.728330943754416 0.25)
(5.114945695051295 7.030075989727056 0.25)
(6.151105263157895 6.151105263157897 0.25)
(7.030075989727058 5.114945695051293 0.25)
(7.728330943754416 3.949331604573392 0.25)
(8.227180314953589 2.685462349627073 0.25)
(8.513271673735051 1.357167230621152 0.25)
(8.578947368421051 0 0.25)
(0 9.052631578947368 0.25)
(1.43210284458183 8.983329618910604 0.25)
(2.833739411876421 8.681441804736307 0.25)
(4.167392858813638 8.15504860322552 0.25)
(5.39736600950198 7.418239694681312 0.25)
(6.490736842105264 6.490736842105266 0.25)
(7.418239694681312 5.397366009501981 0.25)
(8.15504860322552 4.167392858813641 0.25)
(8.681441804736304 2.833739411876421 0.25)
(8.983329618910604 1.432102844581829 0.25)
(9.052631578947368 0 0.25)
(0 9.526315789473683 0.25)
(1.507038458542507 9.453387564086158 0.25)
(2.982016474125768 9.13570329451902 0.25)
(4.385454113053887 8.581766262696622 0.25)
(5.679786323952665 7.806403399635567 0.25)
(6.830368421052632 6.830368421052634 0.25)
(7.806403399635567 5.679786323952664 0.25)
(8.581766262696622 4.385454113053889 0.25)
(9.135703294519017 2.982016474125769 0.25)
(9.453387564086158 1.507038458542506 0.25)
(9.526315789473683 0 0.25)
(0 10 0.25)
(1.581974072503184 9.923445509261716 0.25)
(3.130293536375116 9.589964784301733 0.25)
(4.603515367294136 9.008483922167725 0.25)
(5.962206638403352 8.194567104589822 0.25)
(7.170000000000001 7.170000000000003 0.25)
(8.194567104589822 5.962206638403351 0.25)
(9.008483922167725 4.603515367294139 0.25)
(9.589964784301731 3.130293536375117 0.25)
(9.923445509261715 1.581974072503183 0.25)
(10 0 0.25)
)
