/*--------------------------------*- C++ -*----------------------------------*\
| =========                 |                                                 |
| \\      /  F ield         | OpenFOAM: The Open Source CFD Toolbox           |
|  \\    /   O peration     | Version:  v1706                                 |
|   \\  /    A nd           | Web:      www.OpenFOAM.com                      |
|    \\/     M anipulation  |                                                 |
\*---------------------------------------------------------------------------*/
FoamFile
{
    version     2.0;
    format      ascii;
    class       labelList;
    note        "nPoints: 2814 nCells: 1353 nFaces: 5445 nInternalFaces: 2632";
    location    "constant/polyMesh";
    object      neighbour;
}
// * * * * * * * * * * * * * * * * * * * * * * * * * * * * * * * * * * * * * //


2632
(
1
33
2
34
3
35
4
36
5
37
6
38
7
39
8
40
9
41
10
42
11
43
12
44
13
45
14
46
15
47
16
48
17
49
18
50
19
51
20
52
21
53
22
54
23
55
24
56
25
57
26
58
27
59
28
60
29
61
30
62
31
63
32
64
65
34
66
35
67
36
68
37
69
38
70
39
71
40
72
41
73
42
74
43
75
44
76
45
77
46
78
47
79
48
80
49
81
50
82
51
83
52
84
53
85
54
86
55
87
56
88
57
89
58
90
59
91
60
92
61
93
62
94
63
95
64
96
65
97
98
67
99
68
100
69
101
70
102
71
103
72
104
73
105
74
106
75
107
76
108
77
109
78
110
79
111
80
112
81
113
82
114
83
115
84
116
85
117
86
118
87
119
88
120
89
121
90
122
91
123
92
124
93
125
94
126
95
127
96
128
97
129
98
130
131
100
132
101
133
102
134
103
135
104
136
105
137
106
138
107
139
108
140
109
141
110
142
111
143
112
144
113
145
114
146
115
147
116
148
117
149
118
150
119
151
120
152
121
153
122
154
123
155
124
156
125
157
126
158
127
159
128
160
129
161
130
162
131
163
164
133
165
134
166
135
167
136
168
137
169
138
170
139
171
140
172
141
173
142
174
143
175
144
176
145
177
146
178
147
179
148
180
149
181
150
182
151
183
152
184
153
185
154
186
155
187
156
188
157
189
158
190
159
191
160
192
161
193
162
194
163
195
164
196
197
166
198
167
199
168
200
169
201
170
202
171
203
172
204
173
205
174
206
175
207
176
208
177
209
178
210
179
211
180
212
181
213
182
214
183
215
184
216
185
217
186
218
187
219
188
220
189
221
190
222
191
223
192
224
193
225
194
226
195
227
196
228
197
229
230
199
231
200
232
201
233
202
234
203
235
204
236
205
237
206
238
207
239
208
240
209
241
210
242
211
243
212
244
213
245
214
246
215
247
216
248
217
249
218
250
219
251
220
252
221
253
222
254
223
255
224
256
225
257
226
258
227
259
228
260
229
261
230
262
263
232
264
233
265
234
266
235
267
236
268
237
269
238
270
239
271
240
272
241
273
242
274
243
275
244
276
245
277
246
278
247
279
248
280
249
281
250
282
251
283
252
284
253
285
254
286
255
287
256
288
257
289
258
290
259
291
260
292
261
293
262
294
263
295
296
265
297
266
298
267
299
268
300
269
301
270
302
271
303
272
304
273
305
274
306
275
307
276
308
277
309
278
310
279
311
280
312
281
313
282
314
283
315
284
316
285
317
286
318
287
319
288
320
289
321
290
322
291
323
292
324
293
325
294
326
295
327
296
328
329
298
330
299
331
300
332
301
333
302
334
303
335
304
336
305
337
306
338
307
339
308
340
309
341
310
342
311
343
312
344
313
345
314
346
315
347
316
348
317
349
318
350
319
351
320
352
321
353
322
354
323
355
324
356
325
357
326
358
327
359
328
360
329
361
362
331
363
332
364
333
365
334
366
335
367
336
368
337
369
338
370
339
371
340
372
341
373
342
374
343
375
344
376
345
377
346
378
347
379
348
380
349
381
350
382
351
383
352
384
353
385
354
386
355
387
356
388
357
389
358
390
359
391
360
392
361
393
362
394
395
364
396
365
397
366
398
367
399
368
400
369
401
370
402
371
403
372
404
373
405
374
406
375
407
376
408
377
409
378
410
379
411
380
412
381
413
382
414
383
415
384
416
385
417
386
418
387
419
388
420
389
421
390
422
391
423
392
424
393
425
394
426
395
427
428
397
429
398
430
399
431
400
432
401
433
402
434
403
435
404
436
405
437
406
438
407
439
408
440
409
441
410
442
411
443
412
444
413
445
414
446
415
447
416
448
417
449
418
450
419
451
420
452
421
453
422
454
423
455
424
456
425
457
426
458
427
459
428
460
461
430
462
431
463
432
464
433
465
434
466
435
467
436
468
437
469
438
470
439
471
440
472
441
473
442
474
443
475
444
476
445
477
446
478
447
479
448
480
449
481
450
482
451
483
452
484
453
485
454
486
455
487
456
488
457
489
458
490
459
491
460
492
461
493
494
463
495
464
496
465
497
466
498
467
499
468
500
469
501
470
502
471
503
472
504
473
505
474
506
475
507
476
508
477
509
478
510
479
511
480
512
481
513
482
514
483
515
484
516
485
517
486
518
487
519
488
520
489
521
490
522
491
523
492
524
493
525
494
526
527
496
528
497
529
498
530
499
531
500
532
501
533
502
534
503
535
504
536
505
537
506
538
507
539
508
540
509
541
510
542
511
543
512
544
513
545
514
546
515
547
516
548
517
549
518
550
519
551
520
552
521
553
522
554
523
555
524
556
525
557
526
558
527
559
560
529
561
530
562
531
563
532
564
533
565
534
566
535
567
536
568
537
569
538
570
539
571
540
572
541
573
542
574
543
575
544
576
545
577
546
578
547
579
548
580
549
581
550
582
551
583
552
584
553
585
554
586
555
587
556
588
557
589
558
590
559
591
560
592
593
562
594
563
595
564
596
565
597
566
598
567
599
568
600
569
601
570
602
571
603
572
604
573
605
574
606
575
607
576
608
577
609
578
610
579
611
580
612
581
613
582
614
583
615
584
616
585
617
586
618
587
619
588
620
589
621
590
622
591
623
592
624
593
625
626
595
627
596
628
597
629
598
630
599
631
600
632
601
633
602
634
603
635
604
636
605
637
606
638
607
639
608
640
609
641
610
642
611
643
612
644
613
645
614
646
615
647
616
648
617
649
618
650
619
651
620
652
621
653
622
654
623
655
624
656
625
657
626
658
659
628
660
629
661
630
662
631
663
632
664
633
665
634
666
635
667
636
668
637
669
638
670
639
671
640
672
641
673
642
674
643
675
644
676
645
677
646
678
647
679
648
680
649
681
650
682
651
683
652
684
653
685
654
686
655
687
656
688
657
689
658
690
659
691
692
661
693
662
694
663
695
664
696
665
697
666
698
667
699
668
700
669
701
670
702
671
703
672
704
673
705
674
706
675
707
676
708
677
709
678
710
679
711
680
712
681
713
682
714
683
715
684
716
685
717
686
718
687
719
688
720
689
721
690
722
691
723
692
724
725
694
726
695
727
696
728
697
729
698
730
699
731
700
732
701
733
702
734
703
735
704
736
705
737
706
738
707
739
708
740
709
741
710
742
711
743
712
744
713
745
714
746
715
747
716
748
717
749
718
750
719
751
720
752
721
753
722
754
723
755
724
756
725
757
758
727
759
728
760
729
761
730
762
731
763
732
764
733
765
734
766
735
767
736
768
737
769
738
770
739
771
740
772
741
773
742
774
743
775
744
776
745
777
746
778
747
779
748
780
749
781
750
782
751
783
752
784
753
785
754
786
755
787
756
788
757
789
758
790
791
760
792
761
793
762
794
763
795
764
796
765
797
766
798
767
799
768
800
769
801
770
802
771
803
772
804
773
805
774
806
775
807
776
808
777
809
778
810
779
811
780
812
781
813
782
814
783
815
784
816
785
817
786
818
787
819
788
820
789
821
790
822
791
823
824
793
825
794
826
795
827
796
828
797
829
798
830
799
831
800
832
801
833
802
834
803
835
804
836
805
837
806
838
807
839
808
840
809
841
810
842
811
843
812
844
813
845
814
846
815
847
816
848
817
849
818
850
819
851
820
852
821
853
822
854
823
855
824
856
857
826
858
827
859
828
860
829
861
830
862
831
863
832
864
833
865
834
866
835
867
836
868
837
869
838
870
839
871
840
872
841
873
842
874
843
875
844
876
845
877
846
878
847
879
848
880
849
881
850
882
851
883
852
884
853
885
854
886
855
887
856
888
857
889
890
859
891
860
892
861
893
862
894
863
895
864
896
865
897
866
898
867
899
868
900
869
901
870
902
871
903
872
904
873
905
874
906
875
907
876
908
877
909
878
910
879
911
880
912
881
913
882
914
883
915
884
916
885
917
886
918
887
919
888
920
889
921
890
922
923
892
924
893
925
894
926
895
927
896
928
897
929
898
930
899
931
900
932
901
933
902
934
903
935
904
936
905
937
906
938
907
939
908
940
909
941
910
942
911
943
912
944
913
945
914
946
915
947
916
948
917
949
918
950
919
951
920
952
921
953
922
954
923
955
956
925
957
926
958
927
959
928
960
929
961
930
962
931
963
932
964
933
965
934
966
935
967
936
968
937
969
938
970
939
971
940
972
941
973
942
974
943
975
944
976
945
977
946
978
947
979
948
980
949
981
950
982
951
983
952
984
953
985
954
986
955
987
956
988
989
958
990
959
991
960
992
961
993
962
994
963
995
964
996
965
997
966
998
967
999
968
1000
969
1001
970
1002
971
1003
972
1004
973
1005
974
1006
975
1007
976
1008
977
1009
978
1010
979
1011
980
1012
981
1013
982
1014
983
1015
984
1016
985
1017
986
1018
987
1019
988
1020
989
1021
1022
991
1023
992
1024
993
1025
994
1026
995
1027
996
1028
997
1029
998
1030
999
1031
1000
1032
1001
1033
1002
1034
1003
1035
1004
1036
1005
1037
1006
1038
1007
1039
1008
1040
1009
1041
1010
1042
1011
1043
1012
1044
1013
1045
1014
1046
1015
1047
1016
1048
1017
1049
1018
1050
1019
1051
1020
1052
1021
1053
1022
1054
1055
1024
1056
1025
1057
1026
1058
1027
1059
1028
1060
1029
1061
1030
1062
1031
1063
1032
1064
1033
1065
1034
1066
1035
1067
1036
1068
1037
1069
1038
1070
1039
1071
1040
1072
1041
1073
1042
1074
1043
1075
1044
1076
1045
1077
1046
1078
1047
1079
1048
1080
1049
1081
1050
1082
1051
1083
1052
1084
1053
1085
1054
1086
1055
1087
1088
1057
1089
1058
1090
1059
1091
1060
1092
1061
1093
1062
1094
1063
1095
1064
1096
1065
1097
1066
1098
1067
1099
1068
1100
1069
1101
1070
1102
1071
1103
1072
1104
1073
1105
1074
1106
1075
1107
1076
1108
1077
1109
1078
1110
1079
1111
1080
1112
1081
1113
1082
1114
1083
1115
1084
1116
1085
1117
1086
1118
1087
1119
1088
1120
1121
1090
1122
1091
1123
1092
1124
1093
1125
1094
1126
1095
1127
1096
1128
1097
1129
1098
1130
1099
1131
1100
1132
1101
1133
1102
1134
1103
1135
1104
1136
1105
1137
1106
1138
1107
1139
1108
1140
1109
1141
1110
1142
1111
1143
1112
1144
1113
1145
1114
1146
1115
1147
1116
1148
1117
1149
1118
1150
1119
1151
1120
1152
1121
1153
1154
1123
1155
1124
1156
1125
1157
1126
1158
1127
1159
1128
1160
1129
1161
1130
1162
1131
1163
1132
1164
1133
1165
1134
1166
1135
1167
1136
1168
1137
1169
1138
1170
1139
1171
1140
1172
1141
1173
1142
1174
1143
1175
1144
1176
1145
1177
1146
1178
1147
1179
1148
1180
1149
1181
1150
1182
1151
1183
1152
1184
1153
1185
1154
1186
1187
1156
1188
1157
1189
1158
1190
1159
1191
1160
1192
1161
1193
1162
1194
1163
1195
1164
1196
1165
1197
1166
1198
1167
1199
1168
1200
1169
1201
1170
1202
1171
1203
1172
1204
1173
1205
1174
1206
1175
1207
1176
1208
1177
1209
1178
1210
1179
1211
1180
1212
1181
1213
1182
1214
1183
1215
1184
1216
1185
1217
1186
1218
1187
1219
1220
1189
1221
1190
1222
1191
1223
1192
1224
1193
1225
1194
1226
1195
1227
1196
1228
1197
1229
1198
1230
1199
1231
1200
1232
1201
1233
1202
1234
1203
1235
1204
1236
1205
1237
1206
1238
1207
1239
1208
1240
1209
1241
1210
1242
1211
1243
1212
1244
1213
1245
1214
1246
1215
1247
1216
1248
1217
1249
1218
1250
1219
1251
1220
1252
1253
1222
1254
1223
1255
1224
1256
1225
1257
1226
1258
1227
1259
1228
1260
1229
1261
1230
1262
1231
1263
1232
1264
1233
1265
1234
1266
1235
1267
1236
1268
1237
1269
1238
1270
1239
1271
1240
1272
1241
1273
1242
1274
1243
1275
1244
1276
1245
1277
1246
1278
1247
1279
1248
1280
1249
1281
1250
1282
1251
1283
1252
1284
1253
1285
1286
1255
1287
1256
1288
1257
1289
1258
1290
1259
1291
1260
1292
1261
1293
1262
1294
1263
1295
1264
1296
1265
1297
1266
1298
1267
1299
1268
1300
1269
1301
1270
1302
1271
1303
1272
1304
1273
1305
1274
1306
1275
1307
1276
1308
1277
1309
1278
1310
1279
1311
1280
1312
1281
1313
1282
1314
1283
1315
1284
1316
1285
1317
1286
1318
1319
1288
1320
1289
1321
1290
1322
1291
1323
1292
1324
1293
1325
1294
1326
1295
1327
1296
1328
1297
1329
1298
1330
1299
1331
1300
1332
1301
1333
1302
1334
1303
1335
1304
1336
1305
1337
1306
1338
1307
1339
1308
1340
1309
1341
1310
1342
1311
1343
1312
1344
1313
1345
1314
1346
1315
1347
1316
1348
1317
1349
1318
1350
1319
1351
1352
1321
1322
1323
1324
1325
1326
1327
1328
1329
1330
1331
1332
1333
1334
1335
1336
1337
1338
1339
1340
1341
1342
1343
1344
1345
1346
1347
1348
1349
1350
1351
1352
)


// ************************************************************************* //
